"sample.time","num.cells","parameter.index","kappa","MIC.fraction","drug.outsideConcentration.MULT","cell.type"
0,100000,"1",1e-06,0.9332099,0.1,"WT"
10,98840,"1",1e-06,0.9332099,0.1,"WT"
20,97892,"1",1e-06,0.9332099,0.1,"WT"
30,188343,"1",1e-06,0.9332099,0.1,"WT"
40,183254,"1",1e-06,0.9332099,0.1,"WT"
50,355039,"1",1e-06,0.9332099,0.1,"WT"
60,344759,"1",1e-06,0.9332099,0.1,"WT"
0,100000,"2",1,0.9323611,0.1,"WT"
10,99562,"2",1,0.9323611,0.1,"WT"
20,99612,"2",1,0.9323611,0.1,"WT"
30,193633,"2",1,0.9323611,0.1,"WT"
40,190227,"2",1,0.9323611,0.1,"WT"
50,372121,"2",1,0.9323611,0.1,"WT"
60,364944,"2",1,0.9323611,0.1,"WT"
0,100000,"3",2,0.9311702,0.1,"WT"
10,99885,"3",2,0.9311702,0.1,"WT"
20,100602,"3",2,0.9311702,0.1,"WT"
30,196676,"3",2,0.9311702,0.1,"WT"
40,194571,"3",2,0.9311702,0.1,"WT"
50,383561,"3",2,0.9311702,0.1,"WT"
60,378898,"3",2,0.9311702,0.1,"WT"
0,100000,"4",3,0.9290991,0.1,"WT"
10,99966,"4",3,0.9290991,0.1,"WT"
20,100975,"4",3,0.9290991,0.1,"WT"
30,198298,"4",3,0.9290991,0.1,"WT"
40,197092,"4",3,0.9290991,0.1,"WT"
50,390284,"4",3,0.9290991,0.1,"WT"
60,387441,"4",3,0.9290991,0.1,"WT"
0,100000,"5",1e-06,0.9332099,0.125892541179417,"WT"
10,98577,"5",1e-06,0.9332099,0.125892541179417,"WT"
20,97425,"5",1e-06,0.9332099,0.125892541179417,"WT"
30,186360,"5",1e-06,0.9332099,0.125892541179417,"WT"
40,180370,"5",1e-06,0.9332099,0.125892541179417,"WT"
50,347472,"5",1e-06,0.9332099,0.125892541179417,"WT"
60,335829,"5",1e-06,0.9332099,0.125892541179417,"WT"
0,100000,"6",1,0.9323611,0.125892541179417,"WT"
10,99491,"6",1,0.9323611,0.125892541179417,"WT"
20,99262,"6",1,0.9323611,0.125892541179417,"WT"
30,191849,"6",1,0.9323611,0.125892541179417,"WT"
40,187494,"6",1,0.9323611,0.125892541179417,"WT"
50,364482,"6",1,0.9323611,0.125892541179417,"WT"
60,355670,"6",1,0.9323611,0.125892541179417,"WT"
0,100000,"7",2,0.9311702,0.125892541179417,"WT"
10,99797,"7",2,0.9311702,0.125892541179417,"WT"
20,100263,"7",2,0.9311702,0.125892541179417,"WT"
30,195099,"7",2,0.9311702,0.125892541179417,"WT"
40,192102,"7",2,0.9311702,0.125892541179417,"WT"
50,376861,"7",2,0.9311702,0.125892541179417,"WT"
60,370446,"7",2,0.9311702,0.125892541179417,"WT"
0,100000,"8",3,0.9290991,0.125892541179417,"WT"
10,99937,"8",3,0.9290991,0.125892541179417,"WT"
20,100691,"8",3,0.9290991,0.125892541179417,"WT"
30,197077,"8",3,0.9290991,0.125892541179417,"WT"
40,195126,"8",3,0.9290991,0.125892541179417,"WT"
50,384573,"8",3,0.9290991,0.125892541179417,"WT"
60,380219,"8",3,0.9290991,0.125892541179417,"WT"
0,100000,"9",1e-06,0.9332099,0.158489319246111,"WT"
10,98453,"9",1e-06,0.9332099,0.158489319246111,"WT"
20,96716,"9",1e-06,0.9332099,0.158489319246111,"WT"
30,183968,"9",1e-06,0.9332099,0.158489319246111,"WT"
40,177013,"9",1e-06,0.9332099,0.158489319246111,"WT"
50,338528,"9",1e-06,0.9332099,0.158489319246111,"WT"
60,324904,"9",1e-06,0.9332099,0.158489319246111,"WT"
0,100000,"10",1,0.9323611,0.158489319246111,"WT"
10,99312,"10",1,0.9323611,0.158489319246111,"WT"
20,98544,"10",1,0.9323611,0.158489319246111,"WT"
30,189252,"10",1,0.9323611,0.158489319246111,"WT"
40,183764,"10",1,0.9323611,0.158489319246111,"WT"
50,354787,"10",1,0.9323611,0.158489319246111,"WT"
60,343806,"10",1,0.9323611,0.158489319246111,"WT"
0,100000,"11",2,0.9311702,0.158489319246111,"WT"
10,99678,"11",2,0.9311702,0.158489319246111,"WT"
20,99705,"11",2,0.9311702,0.158489319246111,"WT"
30,192910,"11",2,0.9311702,0.158489319246111,"WT"
40,188787,"11",2,0.9311702,0.158489319246111,"WT"
50,367524,"11",2,0.9311702,0.158489319246111,"WT"
60,359004,"11",2,0.9311702,0.158489319246111,"WT"
0,100000,"12",3,0.9290991,0.158489319246111,"WT"
10,99852,"12",3,0.9290991,0.158489319246111,"WT"
20,100237,"12",3,0.9290991,0.158489319246111,"WT"
30,194955,"12",3,0.9290991,0.158489319246111,"WT"
40,191791,"12",3,0.9290991,0.158489319246111,"WT"
50,375549,"12",3,0.9290991,0.158489319246111,"WT"
60,368945,"12",3,0.9290991,0.158489319246111,"WT"
0,100000,"13",1e-06,0.9332099,0.199526231496888,"WT"
10,98267,"13",1e-06,0.9332099,0.199526231496888,"WT"
20,95976,"13",1e-06,0.9332099,0.199526231496888,"WT"
30,180979,"13",1e-06,0.9332099,0.199526231496888,"WT"
40,172652,"13",1e-06,0.9332099,0.199526231496888,"WT"
50,326986,"13",1e-06,0.9332099,0.199526231496888,"WT"
60,311302,"13",1e-06,0.9332099,0.199526231496888,"WT"
0,100000,"14",1,0.9323611,0.199526231496888,"WT"
10,99083,"14",1,0.9323611,0.199526231496888,"WT"
20,97660,"14",1,0.9323611,0.199526231496888,"WT"
30,185974,"14",1,0.9323611,0.199526231496888,"WT"
40,179056,"14",1,0.9323611,0.199526231496888,"WT"
50,342424,"14",1,0.9323611,0.199526231496888,"WT"
60,329047,"14",1,0.9323611,0.199526231496888,"WT"
0,100000,"15",2,0.9311702,0.199526231496888,"WT"
10,99507,"15",2,0.9311702,0.199526231496888,"WT"
20,98907,"15",2,0.9311702,0.199526231496888,"WT"
30,189831,"15",2,0.9311702,0.199526231496888,"WT"
40,184230,"15",2,0.9311702,0.199526231496888,"WT"
50,355269,"15",2,0.9311702,0.199526231496888,"WT"
60,344355,"15",2,0.9311702,0.199526231496888,"WT"
0,100000,"16",3,0.9290991,0.199526231496888,"WT"
10,99774,"16",3,0.9290991,0.199526231496888,"WT"
20,99789,"16",3,0.9290991,0.199526231496888,"WT"
30,192774,"16",3,0.9290991,0.199526231496888,"WT"
40,188259,"16",3,0.9290991,0.199526231496888,"WT"
50,365545,"16",3,0.9290991,0.199526231496888,"WT"
60,356493,"16",3,0.9290991,0.199526231496888,"WT"
0,100000,"17",1e-06,0.9332099,0.251188643150958,"WT"
10,97837,"17",1e-06,0.9332099,0.251188643150958,"WT"
20,94704,"17",1e-06,0.9332099,0.251188643150958,"WT"
30,176735,"17",1e-06,0.9332099,0.251188643150958,"WT"
40,166863,"17",1e-06,0.9332099,0.251188643150958,"WT"
50,312698,"17",1e-06,0.9332099,0.251188643150958,"WT"
60,295003,"17",1e-06,0.9332099,0.251188643150958,"WT"
0,100000,"18",1,0.9323611,0.251188643150958,"WT"
10,98753,"18",1,0.9323611,0.251188643150958,"WT"
20,96467,"18",1,0.9323611,0.251188643150958,"WT"
30,181748,"18",1,0.9323611,0.251188643150958,"WT"
40,173011,"18",1,0.9323611,0.251188643150958,"WT"
50,327140,"18",1,0.9323611,0.251188643150958,"WT"
60,311340,"18",1,0.9323611,0.251188643150958,"WT"
0,100000,"19",2,0.9311702,0.251188643150958,"WT"
10,99331,"19",2,0.9311702,0.251188643150958,"WT"
20,97887,"19",2,0.9311702,0.251188643150958,"WT"
30,185943,"19",2,0.9311702,0.251188643150958,"WT"
40,178645,"19",2,0.9311702,0.251188643150958,"WT"
50,340583,"19",2,0.9311702,0.251188643150958,"WT"
60,326568,"19",2,0.9311702,0.251188643150958,"WT"
0,100000,"20",3,0.9290991,0.251188643150958,"WT"
10,99599,"20",3,0.9290991,0.251188643150958,"WT"
20,98755,"20",3,0.9290991,0.251188643150958,"WT"
30,188460,"20",3,0.9290991,0.251188643150958,"WT"
40,182089,"20",3,0.9290991,0.251188643150958,"WT"
50,349507,"20",3,0.9290991,0.251188643150958,"WT"
60,337174,"20",3,0.9290991,0.251188643150958,"WT"
0,100000,"21",1e-06,0.9332099,0.316227766016838,"WT"
10,97441,"21",1e-06,0.9332099,0.316227766016838,"WT"
20,93117,"21",1e-06,0.9332099,0.316227766016838,"WT"
30,171702,"21",1e-06,0.9332099,0.316227766016838,"WT"
40,160003,"21",1e-06,0.9332099,0.316227766016838,"WT"
50,295699,"21",1e-06,0.9332099,0.316227766016838,"WT"
60,275363,"21",1e-06,0.9332099,0.316227766016838,"WT"
0,100000,"22",1,0.9323611,0.316227766016838,"WT"
10,98380,"22",1,0.9323611,0.316227766016838,"WT"
20,94990,"22",1,0.9323611,0.316227766016838,"WT"
30,176513,"22",1,0.9323611,0.316227766016838,"WT"
40,165793,"22",1,0.9323611,0.316227766016838,"WT"
50,309270,"22",1,0.9323611,0.316227766016838,"WT"
60,290425,"22",1,0.9323611,0.316227766016838,"WT"
0,100000,"23",2,0.9311702,0.316227766016838,"WT"
10,98947,"23",2,0.9311702,0.316227766016838,"WT"
20,96295,"23",2,0.9311702,0.316227766016838,"WT"
30,179998,"23",2,0.9311702,0.316227766016838,"WT"
40,170381,"23",2,0.9311702,0.316227766016838,"WT"
50,320211,"23",2,0.9311702,0.316227766016838,"WT"
60,303201,"23",2,0.9311702,0.316227766016838,"WT"
0,100000,"24",3,0.9290991,0.316227766016838,"WT"
10,99386,"24",3,0.9290991,0.316227766016838,"WT"
20,97288,"24",3,0.9290991,0.316227766016838,"WT"
30,183390,"24",3,0.9290991,0.316227766016838,"WT"
40,174825,"24",3,0.9290991,0.316227766016838,"WT"
50,330367,"24",3,0.9290991,0.316227766016838,"WT"
60,314552,"24",3,0.9290991,0.316227766016838,"WT"
0,100000,"25",1e-06,0.9332099,0.398107170553497,"WT"
10,97025,"25",1e-06,0.9332099,0.398107170553497,"WT"
20,91352,"25",1e-06,0.9332099,0.398107170553497,"WT"
30,165497,"25",1e-06,0.9332099,0.398107170553497,"WT"
40,151904,"25",1e-06,0.9332099,0.398107170553497,"WT"
50,276146,"25",1e-06,0.9332099,0.398107170553497,"WT"
60,253442,"25",1e-06,0.9332099,0.398107170553497,"WT"
0,100000,"26",1,0.9323611,0.398107170553497,"WT"
10,97792,"26",1,0.9323611,0.398107170553497,"WT"
20,92952,"26",1,0.9323611,0.398107170553497,"WT"
30,169659,"26",1,0.9323611,0.398107170553497,"WT"
40,156679,"26",1,0.9323611,0.398107170553497,"WT"
50,286764,"26",1,0.9323611,0.398107170553497,"WT"
60,265049,"26",1,0.9323611,0.398107170553497,"WT"
0,100000,"27",2,0.9311702,0.398107170553497,"WT"
10,98417,"27",2,0.9311702,0.398107170553497,"WT"
20,94146,"27",2,0.9311702,0.398107170553497,"WT"
30,173077,"27",2,0.9311702,0.398107170553497,"WT"
40,161167,"27",2,0.9311702,0.398107170553497,"WT"
50,297172,"27",2,0.9311702,0.398107170553497,"WT"
60,277009,"27",2,0.9311702,0.398107170553497,"WT"
0,100000,"28",3,0.9290991,0.398107170553497,"WT"
10,98899,"28",3,0.9290991,0.398107170553497,"WT"
20,95199,"28",3,0.9290991,0.398107170553497,"WT"
30,175836,"28",3,0.9290991,0.398107170553497,"WT"
40,164617,"28",3,0.9290991,0.398107170553497,"WT"
50,305205,"28",3,0.9290991,0.398107170553497,"WT"
60,285841,"28",3,0.9290991,0.398107170553497,"WT"
0,100000,"29",1e-06,0.9332099,0.501187233627272,"WT"
10,96166,"29",1e-06,0.9332099,0.501187233627272,"WT"
20,88731,"29",1e-06,0.9332099,0.501187233627272,"WT"
30,157723,"29",1e-06,0.9332099,0.501187233627272,"WT"
40,142147,"29",1e-06,0.9332099,0.501187233627272,"WT"
50,252728,"29",1e-06,0.9332099,0.501187233627272,"WT"
60,227689,"29",1e-06,0.9332099,0.501187233627272,"WT"
0,100000,"30",1,0.9323611,0.501187233627272,"WT"
10,97042,"30",1,0.9323611,0.501187233627272,"WT"
20,90000,"30",1,0.9323611,0.501187233627272,"WT"
30,160703,"30",1,0.9323611,0.501187233627272,"WT"
40,145730,"30",1,0.9323611,0.501187233627272,"WT"
50,260778,"30",1,0.9323611,0.501187233627272,"WT"
60,236563,"30",1,0.9323611,0.501187233627272,"WT"
0,100000,"31",2,0.9311702,0.501187233627272,"WT"
10,97670,"31",2,0.9311702,0.501187233627272,"WT"
20,91252,"31",2,0.9311702,0.501187233627272,"WT"
30,164411,"31",2,0.9311702,0.501187233627272,"WT"
40,149706,"31",2,0.9311702,0.501187233627272,"WT"
50,269486,"31",2,0.9311702,0.501187233627272,"WT"
60,245608,"31",2,0.9311702,0.501187233627272,"WT"
0,100000,"32",3,0.9290991,0.501187233627272,"WT"
10,98190,"32",3,0.9290991,0.501187233627272,"WT"
20,92196,"32",3,0.9290991,0.501187233627272,"WT"
30,166411,"32",3,0.9290991,0.501187233627272,"WT"
40,152335,"32",3,0.9290991,0.501187233627272,"WT"
50,275384,"32",3,0.9290991,0.501187233627272,"WT"
60,252611,"32",3,0.9290991,0.501187233627272,"WT"
0,100000,"33",1e-06,0.9332099,0.630957344480193,"WT"
10,95189,"33",1e-06,0.9332099,0.630957344480193,"WT"
20,85436,"33",1e-06,0.9332099,0.630957344480193,"WT"
30,148053,"33",1e-06,0.9332099,0.630957344480193,"WT"
40,129965,"33",1e-06,0.9332099,0.630957344480193,"WT"
50,225788,"33",1e-06,0.9332099,0.630957344480193,"WT"
60,198710,"33",1e-06,0.9332099,0.630957344480193,"WT"
0,100000,"34",1,0.9323611,0.630957344480193,"WT"
10,95921,"34",1,0.9323611,0.630957344480193,"WT"
20,86433,"34",1,0.9323611,0.630957344480193,"WT"
30,150535,"34",1,0.9323611,0.630957344480193,"WT"
40,132796,"34",1,0.9323611,0.630957344480193,"WT"
50,231219,"34",1,0.9323611,0.630957344480193,"WT"
60,205114,"34",1,0.9323611,0.630957344480193,"WT"
0,100000,"35",2,0.9311702,0.630957344480193,"WT"
10,96663,"35",2,0.9311702,0.630957344480193,"WT"
20,87530,"35",2,0.9311702,0.630957344480193,"WT"
30,153268,"35",2,0.9311702,0.630957344480193,"WT"
40,135749,"35",2,0.9311702,0.630957344480193,"WT"
50,237573,"35",2,0.9311702,0.630957344480193,"WT"
60,211448,"35",2,0.9311702,0.630957344480193,"WT"
0,100000,"36",3,0.9290991,0.630957344480193,"WT"
10,97149,"36",3,0.9290991,0.630957344480193,"WT"
20,88313,"36",3,0.9290991,0.630957344480193,"WT"
30,155071,"36",3,0.9290991,0.630957344480193,"WT"
40,137790,"36",3,0.9290991,0.630957344480193,"WT"
50,241693,"36",3,0.9290991,0.630957344480193,"WT"
60,215848,"36",3,0.9290991,0.630957344480193,"WT"
0,100000,"37",1e-06,0.9332099,0.794328234724281,"WT"
10,93813,"37",1e-06,0.9332099,0.794328234724281,"WT"
20,81046,"37",1e-06,0.9332099,0.794328234724281,"WT"
30,136450,"37",1e-06,0.9332099,0.794328234724281,"WT"
40,116509,"37",1e-06,0.9332099,0.794328234724281,"WT"
50,196186,"37",1e-06,0.9332099,0.794328234724281,"WT"
60,167948,"37",1e-06,0.9332099,0.794328234724281,"WT"
0,100000,"38",1,0.9323611,0.794328234724281,"WT"
10,94457,"38",1,0.9323611,0.794328234724281,"WT"
20,82053,"38",1,0.9323611,0.794328234724281,"WT"
30,138613,"38",1,0.9323611,0.794328234724281,"WT"
40,118578,"38",1,0.9323611,0.794328234724281,"WT"
50,200257,"38",1,0.9323611,0.794328234724281,"WT"
60,171993,"38",1,0.9323611,0.794328234724281,"WT"
0,100000,"39",2,0.9311702,0.794328234724281,"WT"
10,95036,"39",2,0.9311702,0.794328234724281,"WT"
20,82811,"39",2,0.9311702,0.794328234724281,"WT"
30,140021,"39",2,0.9311702,0.794328234724281,"WT"
40,119904,"39",2,0.9311702,0.794328234724281,"WT"
50,202796,"39",2,0.9311702,0.794328234724281,"WT"
60,174868,"39",2,0.9311702,0.794328234724281,"WT"
0,100000,"40",3,0.9290991,0.794328234724281,"WT"
10,95521,"40",3,0.9290991,0.794328234724281,"WT"
20,83208,"40",3,0.9290991,0.794328234724281,"WT"
30,140991,"40",3,0.9290991,0.794328234724281,"WT"
40,120975,"40",3,0.9290991,0.794328234724281,"WT"
50,204730,"40",3,0.9290991,0.794328234724281,"WT"
60,176853,"40",3,0.9290991,0.794328234724281,"WT"
0,100000,"41",1e-06,0.9332099,1,"WT"
10,91599,"41",1e-06,0.9332099,1,"WT"
20,76205,"41",1e-06,0.9332099,1,"WT"
30,123597,"41",1e-06,0.9332099,1,"WT"
40,101707,"41",1e-06,0.9332099,1,"WT"
50,164917,"41",1e-06,0.9332099,1,"WT"
60,136201,"41",1e-06,0.9332099,1,"WT"
0,100000,"42",1,0.9323611,1,"WT"
10,92351,"42",1,0.9323611,1,"WT"
20,76723,"42",1,0.9323611,1,"WT"
30,124628,"42",1,0.9323611,1,"WT"
40,102779,"42",1,0.9323611,1,"WT"
50,166520,"42",1,0.9323611,1,"WT"
60,138010,"42",1,0.9323611,1,"WT"
0,100000,"43",2,0.9311702,1,"WT"
10,92737,"43",2,0.9311702,1,"WT"
20,77026,"43",2,0.9311702,1,"WT"
30,125260,"43",2,0.9311702,1,"WT"
40,103364,"43",2,0.9311702,1,"WT"
50,167766,"43",2,0.9311702,1,"WT"
60,139280,"43",2,0.9311702,1,"WT"
0,100000,"44",3,0.9290991,1,"WT"
10,93193,"44",3,0.9290991,1,"WT"
20,77466,"44",3,0.9290991,1,"WT"
30,126201,"44",3,0.9290991,1,"WT"
40,103874,"44",3,0.9290991,1,"WT"
50,167877,"44",3,0.9290991,1,"WT"
60,138805,"44",3,0.9290991,1,"WT"
0,100000,"45",1e-06,0.9332099,1.25892541179417,"WT"
10,89093,"45",1e-06,0.9332099,1.25892541179417,"WT"
20,70053,"45",1e-06,0.9332099,1.25892541179417,"WT"
30,109192,"45",1e-06,0.9332099,1.25892541179417,"WT"
40,85904,"45",1e-06,0.9332099,1.25892541179417,"WT"
50,132673,"45",1e-06,0.9332099,1.25892541179417,"WT"
60,104927,"45",1e-06,0.9332099,1.25892541179417,"WT"
0,100000,"46",1,0.9323611,1.25892541179417,"WT"
10,89649,"46",1,0.9323611,1.25892541179417,"WT"
20,70665,"46",1,0.9323611,1.25892541179417,"WT"
30,109817,"46",1,0.9323611,1.25892541179417,"WT"
40,86217,"46",1,0.9323611,1.25892541179417,"WT"
50,133389,"46",1,0.9323611,1.25892541179417,"WT"
60,105497,"46",1,0.9323611,1.25892541179417,"WT"
0,100000,"47",2,0.9311702,1.25892541179417,"WT"
10,89786,"47",2,0.9311702,1.25892541179417,"WT"
20,70651,"47",2,0.9311702,1.25892541179417,"WT"
30,109967,"47",2,0.9311702,1.25892541179417,"WT"
40,86260,"47",2,0.9311702,1.25892541179417,"WT"
50,132906,"47",2,0.9311702,1.25892541179417,"WT"
60,104938,"47",2,0.9311702,1.25892541179417,"WT"
0,100000,"48",3,0.9290991,1.25892541179417,"WT"
10,90013,"48",3,0.9290991,1.25892541179417,"WT"
20,70397,"48",3,0.9290991,1.25892541179417,"WT"
30,108655,"48",3,0.9290991,1.25892541179417,"WT"
40,84913,"48",3,0.9290991,1.25892541179417,"WT"
50,129983,"48",3,0.9290991,1.25892541179417,"WT"
60,102252,"48",3,0.9290991,1.25892541179417,"WT"
0,100000,"49",1e-06,0.9332099,1.58489319246111,"WT"
10,85111,"49",1e-06,0.9332099,1.58489319246111,"WT"
20,63381,"49",1e-06,0.9332099,1.58489319246111,"WT"
30,93655,"49",1e-06,0.9332099,1.58489319246111,"WT"
40,69743,"49",1e-06,0.9332099,1.58489319246111,"WT"
50,102806,"49",1e-06,0.9332099,1.58489319246111,"WT"
60,77495,"49",1e-06,0.9332099,1.58489319246111,"WT"
0,100000,"50",1,0.9323611,1.58489319246111,"WT"
10,85402,"50",1,0.9323611,1.58489319246111,"WT"
20,63425,"50",1,0.9323611,1.58489319246111,"WT"
30,93373,"50",1,0.9323611,1.58489319246111,"WT"
40,69144,"50",1,0.9323611,1.58489319246111,"WT"
50,101439,"50",1,0.9323611,1.58489319246111,"WT"
60,76062,"50",1,0.9323611,1.58489319246111,"WT"
0,100000,"51",2,0.9311702,1.58489319246111,"WT"
10,85508,"51",2,0.9311702,1.58489319246111,"WT"
20,63003,"51",2,0.9311702,1.58489319246111,"WT"
30,92266,"51",2,0.9311702,1.58489319246111,"WT"
40,68211,"51",2,0.9311702,1.58489319246111,"WT"
50,99372,"51",2,0.9311702,1.58489319246111,"WT"
60,74141,"51",2,0.9311702,1.58489319246111,"WT"
0,100000,"52",3,0.9290991,1.58489319246111,"WT"
10,85650,"52",3,0.9290991,1.58489319246111,"WT"
20,62872,"52",3,0.9290991,1.58489319246111,"WT"
30,91592,"52",3,0.9290991,1.58489319246111,"WT"
40,67061,"52",3,0.9290991,1.58489319246111,"WT"
50,96913,"52",3,0.9290991,1.58489319246111,"WT"
60,71672,"52",3,0.9290991,1.58489319246111,"WT"
0,100000,"53",1e-06,0.9332099,1.99526231496888,"WT"
10,80742,"53",1e-06,0.9332099,1.99526231496888,"WT"
20,56188,"53",1e-06,0.9332099,1.99526231496888,"WT"
30,77963,"53",1e-06,0.9332099,1.99526231496888,"WT"
40,54334,"53",1e-06,0.9332099,1.99526231496888,"WT"
50,75123,"53",1e-06,0.9332099,1.99526231496888,"WT"
60,52959,"53",1e-06,0.9332099,1.99526231496888,"WT"
0,100000,"54",1,0.9323611,1.99526231496888,"WT"
10,80700,"54",1,0.9323611,1.99526231496888,"WT"
20,55729,"54",1,0.9323611,1.99526231496888,"WT"
30,77139,"54",1,0.9323611,1.99526231496888,"WT"
40,53475,"54",1,0.9323611,1.99526231496888,"WT"
50,73754,"54",1,0.9323611,1.99526231496888,"WT"
60,51600,"54",1,0.9323611,1.99526231496888,"WT"
0,100000,"55",2,0.9311702,1.99526231496888,"WT"
10,80512,"55",2,0.9311702,1.99526231496888,"WT"
20,55418,"55",2,0.9311702,1.99526231496888,"WT"
30,76167,"55",2,0.9311702,1.99526231496888,"WT"
40,52224,"55",2,0.9311702,1.99526231496888,"WT"
50,70883,"55",2,0.9311702,1.99526231496888,"WT"
60,49332,"55",2,0.9311702,1.99526231496888,"WT"
0,100000,"56",3,0.9290991,1.99526231496888,"WT"
10,80475,"56",3,0.9290991,1.99526231496888,"WT"
20,54646,"56",3,0.9290991,1.99526231496888,"WT"
30,74421,"56",3,0.9290991,1.99526231496888,"WT"
40,50368,"56",3,0.9290991,1.99526231496888,"WT"
50,67547,"56",3,0.9290991,1.99526231496888,"WT"
60,46421,"56",3,0.9290991,1.99526231496888,"WT"
0,100000,"57",1e-06,0.9332099,2.51188643150958,"WT"
10,75560,"57",1e-06,0.9332099,2.51188643150958,"WT"
20,48571,"57",1e-06,0.9332099,2.51188643150958,"WT"
30,62602,"57",1e-06,0.9332099,2.51188643150958,"WT"
40,40194,"57",1e-06,0.9332099,2.51188643150958,"WT"
50,51579,"57",1e-06,0.9332099,2.51188643150958,"WT"
60,33863,"57",1e-06,0.9332099,2.51188643150958,"WT"
0,100000,"58",1,0.9323611,2.51188643150958,"WT"
10,75552,"58",1,0.9323611,2.51188643150958,"WT"
20,48194,"58",1,0.9323611,2.51188643150958,"WT"
30,61747,"58",1,0.9323611,2.51188643150958,"WT"
40,39711,"58",1,0.9323611,2.51188643150958,"WT"
50,50333,"58",1,0.9323611,2.51188643150958,"WT"
60,32553,"58",1,0.9323611,2.51188643150958,"WT"
0,100000,"59",2,0.9311702,2.51188643150958,"WT"
10,75056,"59",2,0.9311702,2.51188643150958,"WT"
20,47365,"59",2,0.9311702,2.51188643150958,"WT"
30,60142,"59",2,0.9311702,2.51188643150958,"WT"
40,38045,"59",2,0.9311702,2.51188643150958,"WT"
50,48096,"59",2,0.9311702,2.51188643150958,"WT"
60,31032,"59",2,0.9311702,2.51188643150958,"WT"
0,100000,"60",3,0.9290991,2.51188643150958,"WT"
10,74587,"60",3,0.9290991,2.51188643150958,"WT"
20,46145,"60",3,0.9290991,2.51188643150958,"WT"
30,57549,"60",3,0.9290991,2.51188643150958,"WT"
40,35643,"60",3,0.9290991,2.51188643150958,"WT"
50,44402,"60",3,0.9290991,2.51188643150958,"WT"
60,28140,"60",3,0.9290991,2.51188643150958,"WT"
0,100000,"61",1e-06,0.9332099,3.16227766016838,"WT"
10,69782,"61",1e-06,0.9332099,3.16227766016838,"WT"
20,41141,"61",1e-06,0.9332099,3.16227766016838,"WT"
30,49039,"61",1e-06,0.9332099,3.16227766016838,"WT"
40,28974,"61",1e-06,0.9332099,3.16227766016838,"WT"
50,34308,"61",1e-06,0.9332099,3.16227766016838,"WT"
60,20632,"61",1e-06,0.9332099,3.16227766016838,"WT"
0,100000,"62",1,0.9323611,3.16227766016838,"WT"
10,69708,"62",1,0.9323611,3.16227766016838,"WT"
20,40790,"62",1,0.9323611,3.16227766016838,"WT"
30,48045,"62",1,0.9323611,3.16227766016838,"WT"
40,27882,"62",1,0.9323611,3.16227766016838,"WT"
50,32632,"62",1,0.9323611,3.16227766016838,"WT"
60,19273,"62",1,0.9323611,3.16227766016838,"WT"
0,100000,"63",2,0.9311702,3.16227766016838,"WT"
10,69233,"63",2,0.9311702,3.16227766016838,"WT"
20,39624,"63",2,0.9311702,3.16227766016838,"WT"
30,46457,"63",2,0.9311702,3.16227766016838,"WT"
40,26904,"63",2,0.9311702,3.16227766016838,"WT"
50,31094,"63",2,0.9311702,3.16227766016838,"WT"
60,18278,"63",2,0.9311702,3.16227766016838,"WT"
0,100000,"64",3,0.9290991,3.16227766016838,"WT"
10,68293,"64",3,0.9290991,3.16227766016838,"WT"
20,38553,"64",3,0.9290991,3.16227766016838,"WT"
30,44050,"64",3,0.9290991,3.16227766016838,"WT"
40,24906,"64",3,0.9290991,3.16227766016838,"WT"
50,28174,"64",3,0.9290991,3.16227766016838,"WT"
60,15982,"64",3,0.9290991,3.16227766016838,"WT"
0,100000,"65",1e-06,0.9332099,3.98107170553497,"WT"
10,64039,"65",1e-06,0.9332099,3.98107170553497,"WT"
20,34057,"65",1e-06,0.9332099,3.98107170553497,"WT"
30,37084,"65",1e-06,0.9332099,3.98107170553497,"WT"
40,19927,"65",1e-06,0.9332099,3.98107170553497,"WT"
50,21420,"65",1e-06,0.9332099,3.98107170553497,"WT"
60,11684,"65",1e-06,0.9332099,3.98107170553497,"WT"
0,100000,"66",1,0.9323611,3.98107170553497,"WT"
10,63547,"66",1,0.9323611,3.98107170553497,"WT"
20,33536,"66",1,0.9323611,3.98107170553497,"WT"
30,36019,"66",1,0.9323611,3.98107170553497,"WT"
40,19133,"66",1,0.9323611,3.98107170553497,"WT"
50,20374,"66",1,0.9323611,3.98107170553497,"WT"
60,10925,"66",1,0.9323611,3.98107170553497,"WT"
0,100000,"67",2,0.9311702,3.98107170553497,"WT"
10,62583,"67",2,0.9311702,3.98107170553497,"WT"
20,32469,"67",2,0.9311702,3.98107170553497,"WT"
30,34072,"67",2,0.9311702,3.98107170553497,"WT"
40,17696,"67",2,0.9311702,3.98107170553497,"WT"
50,18646,"67",2,0.9311702,3.98107170553497,"WT"
60,9889,"67",2,0.9311702,3.98107170553497,"WT"
0,100000,"68",3,0.9290991,3.98107170553497,"WT"
10,61683,"68",3,0.9290991,3.98107170553497,"WT"
20,31345,"68",3,0.9290991,3.98107170553497,"WT"
30,32354,"68",3,0.9290991,3.98107170553497,"WT"
40,16362,"68",3,0.9290991,3.98107170553497,"WT"
50,16636,"68",3,0.9290991,3.98107170553497,"WT"
60,8655,"68",3,0.9290991,3.98107170553497,"WT"
0,100000,"69",1e-06,0.9332099,5.01187233627272,"WT"
10,57409,"69",1e-06,0.9332099,5.01187233627272,"WT"
20,27345,"69",1e-06,0.9332099,5.01187233627272,"WT"
30,26729,"69",1e-06,0.9332099,5.01187233627272,"WT"
40,12831,"69",1e-06,0.9332099,5.01187233627272,"WT"
50,12226,"69",1e-06,0.9332099,5.01187233627272,"WT"
60,5987,"69",1e-06,0.9332099,5.01187233627272,"WT"
0,100000,"70",1,0.9323611,5.01187233627272,"WT"
10,56973,"70",1,0.9323611,5.01187233627272,"WT"
20,26931,"70",1,0.9323611,5.01187233627272,"WT"
30,26018,"70",1,0.9323611,5.01187233627272,"WT"
40,12391,"70",1,0.9323611,5.01187233627272,"WT"
50,11661,"70",1,0.9323611,5.01187233627272,"WT"
60,5605,"70",1,0.9323611,5.01187233627272,"WT"
0,100000,"71",2,0.9311702,5.01187233627272,"WT"
10,55984,"71",2,0.9311702,5.01187233627272,"WT"
20,26027,"71",2,0.9311702,5.01187233627272,"WT"
30,24699,"71",2,0.9311702,5.01187233627272,"WT"
40,11568,"71",2,0.9311702,5.01187233627272,"WT"
50,10865,"71",2,0.9311702,5.01187233627272,"WT"
60,5177,"71",2,0.9311702,5.01187233627272,"WT"
0,100000,"72",3,0.9290991,5.01187233627272,"WT"
10,55150,"72",3,0.9290991,5.01187233627272,"WT"
20,24892,"72",3,0.9290991,5.01187233627272,"WT"
30,23146,"72",3,0.9290991,5.01187233627272,"WT"
40,10510,"72",3,0.9290991,5.01187233627272,"WT"
50,9636,"72",3,0.9290991,5.01187233627272,"WT"
60,4350,"72",3,0.9290991,5.01187233627272,"WT"
0,100000,"73",1e-06,0.9332099,6.30957344480193,"WT"
10,51030,"73",1e-06,0.9332099,6.30957344480193,"WT"
20,21688,"73",1e-06,0.9332099,6.30957344480193,"WT"
30,19184,"73",1e-06,0.9332099,6.30957344480193,"WT"
40,8332,"73",1e-06,0.9332099,6.30957344480193,"WT"
50,7249,"73",1e-06,0.9332099,6.30957344480193,"WT"
60,3271,"73",1e-06,0.9332099,6.30957344480193,"WT"
0,100000,"74",1,0.9323611,6.30957344480193,"WT"
10,50782,"74",1,0.9323611,6.30957344480193,"WT"
20,21446,"74",1,0.9323611,6.30957344480193,"WT"
30,18532,"74",1,0.9323611,6.30957344480193,"WT"
40,7860,"74",1,0.9323611,6.30957344480193,"WT"
50,6741,"74",1,0.9323611,6.30957344480193,"WT"
60,2898,"74",1,0.9323611,6.30957344480193,"WT"
0,100000,"75",2,0.9311702,6.30957344480193,"WT"
10,50322,"75",2,0.9311702,6.30957344480193,"WT"
20,20853,"75",2,0.9311702,6.30957344480193,"WT"
30,17546,"75",2,0.9311702,6.30957344480193,"WT"
40,7242,"75",2,0.9311702,6.30957344480193,"WT"
50,5968,"75",2,0.9311702,6.30957344480193,"WT"
60,2522,"75",2,0.9311702,6.30957344480193,"WT"
0,100000,"76",3,0.9290991,6.30957344480193,"WT"
10,48874,"76",3,0.9290991,6.30957344480193,"WT"
20,19472,"76",3,0.9290991,6.30957344480193,"WT"
30,16070,"76",3,0.9290991,6.30957344480193,"WT"
40,6519,"76",3,0.9290991,6.30957344480193,"WT"
50,5355,"76",3,0.9290991,6.30957344480193,"WT"
60,2236,"76",3,0.9290991,6.30957344480193,"WT"
0,100000,"77",1e-06,0.9332099,7.94328234724282,"WT"
10,44998,"77",1e-06,0.9332099,7.94328234724282,"WT"
20,17120,"77",1e-06,0.9332099,7.94328234724282,"WT"
30,13369,"77",1e-06,0.9332099,7.94328234724282,"WT"
40,5039,"77",1e-06,0.9332099,7.94328234724282,"WT"
50,4006,"77",1e-06,0.9332099,7.94328234724282,"WT"
60,1564,"77",1e-06,0.9332099,7.94328234724282,"WT"
0,100000,"78",1,0.9323611,7.94328234724282,"WT"
10,45114,"78",1,0.9323611,7.94328234724282,"WT"
20,16994,"78",1,0.9323611,7.94328234724282,"WT"
30,13148,"78",1,0.9323611,7.94328234724282,"WT"
40,4912,"78",1,0.9323611,7.94328234724282,"WT"
50,3772,"78",1,0.9323611,7.94328234724282,"WT"
60,1425,"78",1,0.9323611,7.94328234724282,"WT"
0,100000,"79",2,0.9311702,7.94328234724282,"WT"
10,44433,"79",2,0.9311702,7.94328234724282,"WT"
20,16302,"79",2,0.9311702,7.94328234724282,"WT"
30,12209,"79",2,0.9311702,7.94328234724282,"WT"
40,4544,"79",2,0.9311702,7.94328234724282,"WT"
50,3443,"79",2,0.9311702,7.94328234724282,"WT"
60,1300,"79",2,0.9311702,7.94328234724282,"WT"
0,100000,"80",3,0.9290991,7.94328234724282,"WT"
10,43126,"80",3,0.9290991,7.94328234724282,"WT"
20,15480,"80",3,0.9290991,7.94328234724282,"WT"
30,11517,"80",3,0.9290991,7.94328234724282,"WT"
40,4113,"80",3,0.9290991,7.94328234724282,"WT"
50,2989,"80",3,0.9290991,7.94328234724282,"WT"
60,1118,"80",3,0.9290991,7.94328234724282,"WT"
0,100000,"81",1e-06,0.9332099,10,"WT"
10,40219,"81",1e-06,0.9332099,10,"WT"
20,13797,"81",1e-06,0.9332099,10,"WT"
30,9604,"81",1e-06,0.9332099,10,"WT"
40,3262,"81",1e-06,0.9332099,10,"WT"
50,2325,"81",1e-06,0.9332099,10,"WT"
60,796,"81",1e-06,0.9332099,10,"WT"
0,100000,"82",1,0.9323611,10,"WT"
10,39701,"82",1,0.9323611,10,"WT"
20,13151,"82",1,0.9323611,10,"WT"
30,9058,"82",1,0.9323611,10,"WT"
40,3066,"82",1,0.9323611,10,"WT"
50,2068,"82",1,0.9323611,10,"WT"
60,714,"82",1,0.9323611,10,"WT"
0,100000,"83",2,0.9311702,10,"WT"
10,38884,"83",2,0.9311702,10,"WT"
20,12856,"83",2,0.9311702,10,"WT"
30,8586,"83",2,0.9311702,10,"WT"
40,2912,"83",2,0.9311702,10,"WT"
50,1973,"83",2,0.9311702,10,"WT"
60,663,"83",2,0.9311702,10,"WT"
0,100000,"84",3,0.9290991,10,"WT"
10,38046,"84",3,0.9290991,10,"WT"
20,12050,"84",3,0.9290991,10,"WT"
30,7853,"84",3,0.9290991,10,"WT"
40,2580,"84",3,0.9290991,10,"WT"
50,1697,"84",3,0.9290991,10,"WT"
60,552,"84",3,0.9290991,10,"WT"
0,100000,"85",1e-06,0.9332099,12.5892541179417,"WT"
10,35513,"85",1e-06,0.9332099,12.5892541179417,"WT"
20,10918,"85",1e-06,0.9332099,12.5892541179417,"WT"
30,6929,"85",1e-06,0.9332099,12.5892541179417,"WT"
40,2063,"85",1e-06,0.9332099,12.5892541179417,"WT"
50,1326,"85",1e-06,0.9332099,12.5892541179417,"WT"
60,422,"85",1e-06,0.9332099,12.5892541179417,"WT"
0,100000,"86",1,0.9323611,12.5892541179417,"WT"
10,35285,"86",1,0.9323611,12.5892541179417,"WT"
20,10570,"86",1,0.9323611,12.5892541179417,"WT"
30,6364,"86",1,0.9323611,12.5892541179417,"WT"
40,1903,"86",1,0.9323611,12.5892541179417,"WT"
50,1172,"86",1,0.9323611,12.5892541179417,"WT"
60,333,"86",1,0.9323611,12.5892541179417,"WT"
0,100000,"87",2,0.9311702,12.5892541179417,"WT"
10,34485,"87",2,0.9311702,12.5892541179417,"WT"
20,10323,"87",2,0.9311702,12.5892541179417,"WT"
30,6206,"87",2,0.9311702,12.5892541179417,"WT"
40,1807,"87",2,0.9311702,12.5892541179417,"WT"
50,1096,"87",2,0.9311702,12.5892541179417,"WT"
60,328,"87",2,0.9311702,12.5892541179417,"WT"
0,100000,"88",3,0.9290991,12.5892541179417,"WT"
10,33850,"88",3,0.9290991,12.5892541179417,"WT"
20,9783,"88",3,0.9290991,12.5892541179417,"WT"
30,5788,"88",3,0.9290991,12.5892541179417,"WT"
40,1676,"88",3,0.9290991,12.5892541179417,"WT"
50,991,"88",3,0.9290991,12.5892541179417,"WT"
60,279,"88",3,0.9290991,12.5892541179417,"WT"
0,100000,"89",1e-06,0.9332099,15.8489319246111,"WT"
10,31905,"89",1e-06,0.9332099,15.8489319246111,"WT"
20,8964,"89",1e-06,0.9332099,15.8489319246111,"WT"
30,5069,"89",1e-06,0.9332099,15.8489319246111,"WT"
40,1381,"89",1e-06,0.9332099,15.8489319246111,"WT"
50,831,"89",1e-06,0.9332099,15.8489319246111,"WT"
60,252,"89",1e-06,0.9332099,15.8489319246111,"WT"
0,100000,"90",1,0.9323611,15.8489319246111,"WT"
10,31176,"90",1,0.9323611,15.8489319246111,"WT"
20,8402,"90",1,0.9323611,15.8489319246111,"WT"
30,4653,"90",1,0.9323611,15.8489319246111,"WT"
40,1288,"90",1,0.9323611,15.8489319246111,"WT"
50,707,"90",1,0.9323611,15.8489319246111,"WT"
60,212,"90",1,0.9323611,15.8489319246111,"WT"
0,100000,"91",2,0.9311702,15.8489319246111,"WT"
10,30909,"91",2,0.9311702,15.8489319246111,"WT"
20,8402,"91",2,0.9311702,15.8489319246111,"WT"
30,4637,"91",2,0.9311702,15.8489319246111,"WT"
40,1254,"91",2,0.9311702,15.8489319246111,"WT"
50,689,"91",2,0.9311702,15.8489319246111,"WT"
60,180,"91",2,0.9311702,15.8489319246111,"WT"
0,100000,"92",3,0.9290991,15.8489319246111,"WT"
10,30513,"92",3,0.9290991,15.8489319246111,"WT"
20,7935,"92",3,0.9290991,15.8489319246111,"WT"
30,4197,"92",3,0.9290991,15.8489319246111,"WT"
40,1119,"92",3,0.9290991,15.8489319246111,"WT"
50,633,"92",3,0.9290991,15.8489319246111,"WT"
60,166,"92",3,0.9290991,15.8489319246111,"WT"
0,100000,"93",1e-06,0.9332099,19.9526231496888,"WT"
10,28730,"93",1e-06,0.9332099,19.9526231496888,"WT"
20,7278,"93",1e-06,0.9332099,19.9526231496888,"WT"
30,3719,"93",1e-06,0.9332099,19.9526231496888,"WT"
40,948,"93",1e-06,0.9332099,19.9526231496888,"WT"
50,462,"93",1e-06,0.9332099,19.9526231496888,"WT"
60,118,"93",1e-06,0.9332099,19.9526231496888,"WT"
0,100000,"94",1,0.9323611,19.9526231496888,"WT"
10,28259,"94",1,0.9323611,19.9526231496888,"WT"
20,7145,"94",1,0.9323611,19.9526231496888,"WT"
30,3713,"94",1,0.9323611,19.9526231496888,"WT"
40,950,"94",1,0.9323611,19.9526231496888,"WT"
50,489,"94",1,0.9323611,19.9526231496888,"WT"
60,135,"94",1,0.9323611,19.9526231496888,"WT"
0,100000,"95",2,0.9311702,19.9526231496888,"WT"
10,28054,"95",2,0.9311702,19.9526231496888,"WT"
20,6950,"95",2,0.9311702,19.9526231496888,"WT"
30,3508,"95",2,0.9311702,19.9526231496888,"WT"
40,860,"95",2,0.9311702,19.9526231496888,"WT"
50,398,"95",2,0.9311702,19.9526231496888,"WT"
60,108,"95",2,0.9311702,19.9526231496888,"WT"
0,100000,"96",3,0.9290991,19.9526231496888,"WT"
10,27132,"96",3,0.9290991,19.9526231496888,"WT"
20,6463,"96",3,0.9290991,19.9526231496888,"WT"
30,3170,"96",3,0.9290991,19.9526231496888,"WT"
40,740,"96",3,0.9290991,19.9526231496888,"WT"
50,377,"96",3,0.9290991,19.9526231496888,"WT"
60,95,"96",3,0.9290991,19.9526231496888,"WT"
0,100000,"97",1e-06,0.9332099,25.1188643150958,"WT"
10,26019,"97",1e-06,0.9332099,25.1188643150958,"WT"
20,6104,"97",1e-06,0.9332099,25.1188643150958,"WT"
30,2896,"97",1e-06,0.9332099,25.1188643150958,"WT"
40,692,"97",1e-06,0.9332099,25.1188643150958,"WT"
50,335,"97",1e-06,0.9332099,25.1188643150958,"WT"
60,87,"97",1e-06,0.9332099,25.1188643150958,"WT"
0,100000,"98",1,0.9323611,25.1188643150958,"WT"
10,25605,"98",1,0.9323611,25.1188643150958,"WT"
20,5999,"98",1,0.9323611,25.1188643150958,"WT"
30,2818,"98",1,0.9323611,25.1188643150958,"WT"
40,648,"98",1,0.9323611,25.1188643150958,"WT"
50,324,"98",1,0.9323611,25.1188643150958,"WT"
60,67,"98",1,0.9323611,25.1188643150958,"WT"
0,100000,"99",2,0.9311702,25.1188643150958,"WT"
10,25329,"99",2,0.9311702,25.1188643150958,"WT"
20,5799,"99",2,0.9311702,25.1188643150958,"WT"
30,2728,"99",2,0.9311702,25.1188643150958,"WT"
40,630,"99",2,0.9311702,25.1188643150958,"WT"
50,285,"99",2,0.9311702,25.1188643150958,"WT"
60,59,"99",2,0.9311702,25.1188643150958,"WT"
0,100000,"100",3,0.9290991,25.1188643150958,"WT"
10,25053,"100",3,0.9290991,25.1188643150958,"WT"
20,5522,"100",3,0.9290991,25.1188643150958,"WT"
30,2561,"100",3,0.9290991,25.1188643150958,"WT"
40,582,"100",3,0.9290991,25.1188643150958,"WT"
50,278,"100",3,0.9290991,25.1188643150958,"WT"
60,79,"100",3,0.9290991,25.1188643150958,"WT"
0,100000,"101",1e-06,0.9332099,31.6227766016838,"WT"
10,24240,"101",1e-06,0.9332099,31.6227766016838,"WT"
20,5430,"101",1e-06,0.9332099,31.6227766016838,"WT"
30,2425,"101",1e-06,0.9332099,31.6227766016838,"WT"
40,555,"101",1e-06,0.9332099,31.6227766016838,"WT"
50,217,"101",1e-06,0.9332099,31.6227766016838,"WT"
60,42,"101",1e-06,0.9332099,31.6227766016838,"WT"
0,100000,"102",1,0.9323611,31.6227766016838,"WT"
10,23899,"102",1,0.9323611,31.6227766016838,"WT"
20,5161,"102",1,0.9323611,31.6227766016838,"WT"
30,2224,"102",1,0.9323611,31.6227766016838,"WT"
40,473,"102",1,0.9323611,31.6227766016838,"WT"
50,210,"102",1,0.9323611,31.6227766016838,"WT"
60,53,"102",1,0.9323611,31.6227766016838,"WT"
0,100000,"103",2,0.9311702,31.6227766016838,"WT"
10,23431,"103",2,0.9311702,31.6227766016838,"WT"
20,5055,"103",2,0.9311702,31.6227766016838,"WT"
30,2241,"103",2,0.9311702,31.6227766016838,"WT"
40,471,"103",2,0.9311702,31.6227766016838,"WT"
50,194,"103",2,0.9311702,31.6227766016838,"WT"
60,36,"103",2,0.9311702,31.6227766016838,"WT"
0,100000,"104",3,0.9290991,31.6227766016838,"WT"
10,23009,"104",3,0.9290991,31.6227766016838,"WT"
20,4839,"104",3,0.9290991,31.6227766016838,"WT"
30,2100,"104",3,0.9290991,31.6227766016838,"WT"
40,440,"104",3,0.9290991,31.6227766016838,"WT"
50,185,"104",3,0.9290991,31.6227766016838,"WT"
60,34,"104",3,0.9290991,31.6227766016838,"WT"
0,100000,"105",1e-06,0.9332099,39.8107170553497,"WT"
10,22103,"105",1e-06,0.9332099,39.8107170553497,"WT"
20,4592,"105",1e-06,0.9332099,39.8107170553497,"WT"
30,1774,"105",1e-06,0.9332099,39.8107170553497,"WT"
40,356,"105",1e-06,0.9332099,39.8107170553497,"WT"
50,150,"105",1e-06,0.9332099,39.8107170553497,"WT"
60,31,"105",1e-06,0.9332099,39.8107170553497,"WT"
0,100000,"106",1,0.9323611,39.8107170553497,"WT"
10,22052,"106",1,0.9323611,39.8107170553497,"WT"
20,4702,"106",1,0.9323611,39.8107170553497,"WT"
30,1977,"106",1,0.9323611,39.8107170553497,"WT"
40,368,"106",1,0.9323611,39.8107170553497,"WT"
50,136,"106",1,0.9323611,39.8107170553497,"WT"
60,35,"106",1,0.9323611,39.8107170553497,"WT"
0,100000,"107",2,0.9311702,39.8107170553497,"WT"
10,21729,"107",2,0.9311702,39.8107170553497,"WT"
20,4415,"107",2,0.9311702,39.8107170553497,"WT"
30,1807,"107",2,0.9311702,39.8107170553497,"WT"
40,361,"107",2,0.9311702,39.8107170553497,"WT"
50,143,"107",2,0.9311702,39.8107170553497,"WT"
60,33,"107",2,0.9311702,39.8107170553497,"WT"
0,100000,"108",3,0.9290991,39.8107170553497,"WT"
10,21784,"108",3,0.9290991,39.8107170553497,"WT"
20,4541,"108",3,0.9290991,39.8107170553497,"WT"
30,1763,"108",3,0.9290991,39.8107170553497,"WT"
40,378,"108",3,0.9290991,39.8107170553497,"WT"
50,169,"108",3,0.9290991,39.8107170553497,"WT"
60,40,"108",3,0.9290991,39.8107170553497,"WT"
0,100000,"109",1e-06,0.9332099,50.1187233627273,"WT"
10,20830,"109",1e-06,0.9332099,50.1187233627273,"WT"
20,4067,"109",1e-06,0.9332099,50.1187233627273,"WT"
30,1474,"109",1e-06,0.9332099,50.1187233627273,"WT"
40,281,"109",1e-06,0.9332099,50.1187233627273,"WT"
50,100,"109",1e-06,0.9332099,50.1187233627273,"WT"
60,21,"109",1e-06,0.9332099,50.1187233627273,"WT"
0,100000,"110",1,0.9323611,50.1187233627273,"WT"
10,21123,"110",1,0.9323611,50.1187233627273,"WT"
20,4106,"110",1,0.9323611,50.1187233627273,"WT"
30,1572,"110",1,0.9323611,50.1187233627273,"WT"
40,319,"110",1,0.9323611,50.1187233627273,"WT"
50,120,"110",1,0.9323611,50.1187233627273,"WT"
60,24,"110",1,0.9323611,50.1187233627273,"WT"
0,100000,"111",2,0.9311702,50.1187233627273,"WT"
10,20474,"111",2,0.9311702,50.1187233627273,"WT"
20,4041,"111",2,0.9311702,50.1187233627273,"WT"
30,1584,"111",2,0.9311702,50.1187233627273,"WT"
40,313,"111",2,0.9311702,50.1187233627273,"WT"
50,117,"111",2,0.9311702,50.1187233627273,"WT"
60,18,"111",2,0.9311702,50.1187233627273,"WT"
0,100000,"112",3,0.9290991,50.1187233627273,"WT"
10,20399,"112",3,0.9290991,50.1187233627273,"WT"
20,3868,"112",3,0.9290991,50.1187233627273,"WT"
30,1501,"112",3,0.9290991,50.1187233627273,"WT"
40,292,"112",3,0.9290991,50.1187233627273,"WT"
50,115,"112",3,0.9290991,50.1187233627273,"WT"
60,18,"112",3,0.9290991,50.1187233627273,"WT"
0,100000,"113",1e-06,0.9332099,63.0957344480194,"WT"
10,20253,"113",1e-06,0.9332099,63.0957344480194,"WT"
20,3781,"113",1e-06,0.9332099,63.0957344480194,"WT"
30,1474,"113",1e-06,0.9332099,63.0957344480194,"WT"
40,258,"113",1e-06,0.9332099,63.0957344480194,"WT"
50,115,"113",1e-06,0.9332099,63.0957344480194,"WT"
60,18,"113",1e-06,0.9332099,63.0957344480194,"WT"
0,100000,"114",1,0.9323611,63.0957344480194,"WT"
10,19727,"114",1,0.9323611,63.0957344480194,"WT"
20,3715,"114",1,0.9323611,63.0957344480194,"WT"
30,1390,"114",1,0.9323611,63.0957344480194,"WT"
40,257,"114",1,0.9323611,63.0957344480194,"WT"
50,100,"114",1,0.9323611,63.0957344480194,"WT"
60,19,"114",1,0.9323611,63.0957344480194,"WT"
0,100000,"115",2,0.9311702,63.0957344480194,"WT"
10,19806,"115",2,0.9311702,63.0957344480194,"WT"
20,3780,"115",2,0.9311702,63.0957344480194,"WT"
30,1448,"115",2,0.9311702,63.0957344480194,"WT"
40,273,"115",2,0.9311702,63.0957344480194,"WT"
50,83,"115",2,0.9311702,63.0957344480194,"WT"
60,15,"115",2,0.9311702,63.0957344480194,"WT"
0,100000,"116",3,0.9290991,63.0957344480194,"WT"
10,19495,"116",3,0.9290991,63.0957344480194,"WT"
20,3638,"116",3,0.9290991,63.0957344480194,"WT"
30,1378,"116",3,0.9290991,63.0957344480194,"WT"
40,266,"116",3,0.9290991,63.0957344480194,"WT"
50,104,"116",3,0.9290991,63.0957344480194,"WT"
60,19,"116",3,0.9290991,63.0957344480194,"WT"
0,100000,"117",1e-06,0.9332099,79.4328234724282,"WT"
10,19371,"117",1e-06,0.9332099,79.4328234724282,"WT"
20,3539,"117",1e-06,0.9332099,79.4328234724282,"WT"
30,1290,"117",1e-06,0.9332099,79.4328234724282,"WT"
40,206,"117",1e-06,0.9332099,79.4328234724282,"WT"
50,82,"117",1e-06,0.9332099,79.4328234724282,"WT"
60,16,"117",1e-06,0.9332099,79.4328234724282,"WT"
0,100000,"118",1,0.9323611,79.4328234724282,"WT"
10,19054,"118",1,0.9323611,79.4328234724282,"WT"
20,3486,"118",1,0.9323611,79.4328234724282,"WT"
30,1267,"118",1,0.9323611,79.4328234724282,"WT"
40,253,"118",1,0.9323611,79.4328234724282,"WT"
50,93,"118",1,0.9323611,79.4328234724282,"WT"
60,15,"118",1,0.9323611,79.4328234724282,"WT"
0,100000,"119",2,0.9311702,79.4328234724282,"WT"
10,19012,"119",2,0.9311702,79.4328234724282,"WT"
20,3434,"119",2,0.9311702,79.4328234724282,"WT"
30,1232,"119",2,0.9311702,79.4328234724282,"WT"
40,195,"119",2,0.9311702,79.4328234724282,"WT"
50,74,"119",2,0.9311702,79.4328234724282,"WT"
60,9,"119",2,0.9311702,79.4328234724282,"WT"
0,100000,"120",3,0.9290991,79.4328234724282,"WT"
10,18915,"120",3,0.9290991,79.4328234724282,"WT"
20,3391,"120",3,0.9290991,79.4328234724282,"WT"
30,1211,"120",3,0.9290991,79.4328234724282,"WT"
40,188,"120",3,0.9290991,79.4328234724282,"WT"
50,66,"120",3,0.9290991,79.4328234724282,"WT"
60,14,"120",3,0.9290991,79.4328234724282,"WT"
0,100000,"121",1e-06,0.9332099,100,"WT"
10,18532,"121",1e-06,0.9332099,100,"WT"
20,3253,"121",1e-06,0.9332099,100,"WT"
30,1084,"121",1e-06,0.9332099,100,"WT"
40,202,"121",1e-06,0.9332099,100,"WT"
50,56,"121",1e-06,0.9332099,100,"WT"
60,9,"121",1e-06,0.9332099,100,"WT"
0,100000,"122",1,0.9323611,100,"WT"
10,18553,"122",1,0.9323611,100,"WT"
20,3239,"122",1,0.9323611,100,"WT"
30,1151,"122",1,0.9323611,100,"WT"
40,199,"122",1,0.9323611,100,"WT"
50,51,"122",1,0.9323611,100,"WT"
60,11,"122",1,0.9323611,100,"WT"
0,100000,"123",2,0.9311702,100,"WT"
10,18286,"123",2,0.9311702,100,"WT"
20,3262,"123",2,0.9311702,100,"WT"
30,1128,"123",2,0.9311702,100,"WT"
40,214,"123",2,0.9311702,100,"WT"
50,84,"123",2,0.9311702,100,"WT"
60,16,"123",2,0.9311702,100,"WT"
0,100000,"124",3,0.9290991,100,"WT"
10,18309,"124",3,0.9290991,100,"WT"
20,3289,"124",3,0.9290991,100,"WT"
30,1075,"124",3,0.9290991,100,"WT"
40,215,"124",3,0.9290991,100,"WT"
50,50,"124",3,0.9290991,100,"WT"
60,4,"124",3,0.9290991,100,"WT"
