"sample.time","num.cells","parameter.index","kappa","MIC.fraction","drug.outsideConcentration.MULT","cell.type"
0,100000,"1",1,0.1043,0.1,"WT"
10,99785,"1",1,0.1043,0.1,"WT"
20,100233,"1",1,0.1043,0.1,"WT"
30,195315,"1",1,0.1043,0.1,"WT"
40,192339,"1",1,0.1043,0.1,"WT"
50,376928,"1",1,0.1043,0.1,"WT"
60,369527,"1",1,0.1043,0.1,"WT"
0,100000,"2",2,0.08951271,0.1,"WT"
10,99985,"2",2,0.08951271,0.1,"WT"
20,101231,"2",2,0.08951271,0.1,"WT"
30,199520,"2",2,0.08951271,0.1,"WT"
40,199247,"2",2,0.08951271,0.1,"WT"
50,396797,"2",2,0.08951271,0.1,"WT"
60,395724,"2",2,0.08951271,0.1,"WT"
0,100000,"3",3,0.08567227,0.1,"WT"
10,99998,"3",3,0.08567227,0.1,"WT"
20,101331,"3",3,0.08567227,0.1,"WT"
30,199956,"3",3,0.08567227,0.1,"WT"
40,200059,"3",3,0.08567227,0.1,"WT"
50,399430,"3",3,0.08567227,0.1,"WT"
60,399425,"3",3,0.08567227,0.1,"WT"
0,100000,"4",4,0.08319832,0.1,"WT"
10,99999,"4",4,0.08319832,0.1,"WT"
20,101309,"4",4,0.08319832,0.1,"WT"
30,199989,"4",4,0.08319832,0.1,"WT"
40,200163,"4",4,0.08319832,0.1,"WT"
50,399741,"4",4,0.08319832,0.1,"WT"
60,399922,"4",4,0.08319832,0.1,"WT"
0,100000,"5",5,0.0822,0.1,"WT"
10,100000,"5",5,0.0822,0.1,"WT"
20,101313,"5",5,0.0822,0.1,"WT"
30,200000,"5",5,0.0822,0.1,"WT"
40,200187,"5",5,0.0822,0.1,"WT"
50,399824,"5",5,0.0822,0.1,"WT"
60,400000,"5",5,0.0822,0.1,"WT"
0,100000,"6",1,0.1043,0.125892541179417,"WT"
10,99712,"6",1,0.1043,0.125892541179417,"WT"
20,100004,"6",1,0.1043,0.125892541179417,"WT"
30,194175,"6",1,0.1043,0.125892541179417,"WT"
40,190370,"6",1,0.1043,0.125892541179417,"WT"
50,371065,"6",1,0.1043,0.125892541179417,"WT"
60,361883,"6",1,0.1043,0.125892541179417,"WT"
0,100000,"7",2,0.08951271,0.125892541179417,"WT"
10,99973,"7",2,0.08951271,0.125892541179417,"WT"
20,101192,"7",2,0.08951271,0.125892541179417,"WT"
30,199313,"7",2,0.08951271,0.125892541179417,"WT"
40,198889,"7",2,0.08951271,0.125892541179417,"WT"
50,395586,"7",2,0.08951271,0.125892541179417,"WT"
60,393983,"7",2,0.08951271,0.125892541179417,"WT"
0,100000,"8",3,0.08567227,0.125892541179417,"WT"
10,99998,"8",3,0.08567227,0.125892541179417,"WT"
20,101252,"8",3,0.08567227,0.125892541179417,"WT"
30,199893,"8",3,0.08567227,0.125892541179417,"WT"
40,199961,"8",3,0.08567227,0.125892541179417,"WT"
50,399069,"8",3,0.08567227,0.125892541179417,"WT"
60,398907,"8",3,0.08567227,0.125892541179417,"WT"
0,100000,"9",4,0.08319832,0.125892541179417,"WT"
10,100000,"9",4,0.08319832,0.125892541179417,"WT"
20,101298,"9",4,0.08319832,0.125892541179417,"WT"
30,199990,"9",4,0.08319832,0.125892541179417,"WT"
40,200136,"9",4,0.08319832,0.125892541179417,"WT"
50,399693,"9",4,0.08319832,0.125892541179417,"WT"
60,399822,"9",4,0.08319832,0.125892541179417,"WT"
0,100000,"10",5,0.0822,0.125892541179417,"WT"
10,100000,"10",5,0.0822,0.125892541179417,"WT"
20,101246,"10",5,0.0822,0.125892541179417,"WT"
30,199993,"10",5,0.0822,0.125892541179417,"WT"
40,200148,"10",5,0.0822,0.125892541179417,"WT"
50,399808,"10",5,0.0822,0.125892541179417,"WT"
60,399956,"10",5,0.0822,0.125892541179417,"WT"
0,100000,"11",1,0.1043,0.158489319246111,"WT"
10,99640,"11",1,0.1043,0.158489319246111,"WT"
20,99619,"11",1,0.1043,0.158489319246111,"WT"
30,192598,"11",1,0.1043,0.158489319246111,"WT"
40,187846,"11",1,0.1043,0.158489319246111,"WT"
50,363814,"11",1,0.1043,0.158489319246111,"WT"
60,352328,"11",1,0.1043,0.158489319246111,"WT"
0,100000,"12",2,0.08951271,0.158489319246111,"WT"
10,99965,"12",2,0.08951271,0.158489319246111,"WT"
20,101126,"12",2,0.08951271,0.158489319246111,"WT"
30,198955,"12",2,0.08951271,0.158489319246111,"WT"
40,198259,"12",2,0.08951271,0.158489319246111,"WT"
50,393639,"12",2,0.08951271,0.158489319246111,"WT"
60,391197,"12",2,0.08951271,0.158489319246111,"WT"
0,100000,"13",3,0.08567227,0.158489319246111,"WT"
10,99997,"13",3,0.08567227,0.158489319246111,"WT"
20,101283,"13",3,0.08567227,0.158489319246111,"WT"
30,199834,"13",3,0.08567227,0.158489319246111,"WT"
40,199815,"13",3,0.08567227,0.158489319246111,"WT"
50,398640,"13",3,0.08567227,0.158489319246111,"WT"
60,398187,"13",3,0.08567227,0.158489319246111,"WT"
0,100000,"14",4,0.08319832,0.158489319246111,"WT"
10,100000,"14",4,0.08319832,0.158489319246111,"WT"
20,101337,"14",4,0.08319832,0.158489319246111,"WT"
30,199977,"14",4,0.08319832,0.158489319246111,"WT"
40,200120,"14",4,0.08319832,0.158489319246111,"WT"
50,399570,"14",4,0.08319832,0.158489319246111,"WT"
60,399609,"14",4,0.08319832,0.158489319246111,"WT"
0,100000,"15",5,0.0822,0.158489319246111,"WT"
10,100000,"15",5,0.0822,0.158489319246111,"WT"
20,101312,"15",5,0.0822,0.158489319246111,"WT"
30,199992,"15",5,0.0822,0.158489319246111,"WT"
40,200125,"15",5,0.0822,0.158489319246111,"WT"
50,399726,"15",5,0.0822,0.158489319246111,"WT"
60,399893,"15",5,0.0822,0.158489319246111,"WT"
0,100000,"16",1,0.1043,0.199526231496888,"WT"
10,99555,"16",1,0.1043,0.199526231496888,"WT"
20,99166,"16",1,0.1043,0.199526231496888,"WT"
30,191010,"16",1,0.1043,0.199526231496888,"WT"
40,185093,"16",1,0.1043,0.199526231496888,"WT"
50,355949,"16",1,0.1043,0.199526231496888,"WT"
60,341795,"16",1,0.1043,0.199526231496888,"WT"
0,100000,"17",2,0.08951271,0.199526231496888,"WT"
10,99957,"17",2,0.08951271,0.199526231496888,"WT"
20,101091,"17",2,0.08951271,0.199526231496888,"WT"
30,198537,"17",2,0.08951271,0.199526231496888,"WT"
40,197420,"17",2,0.08951271,0.199526231496888,"WT"
50,390439,"17",2,0.08951271,0.199526231496888,"WT"
60,386801,"17",2,0.08951271,0.199526231496888,"WT"
0,100000,"18",3,0.08567227,0.199526231496888,"WT"
10,99993,"18",3,0.08567227,0.199526231496888,"WT"
20,101320,"18",3,0.08567227,0.199526231496888,"WT"
30,199749,"18",3,0.08567227,0.199526231496888,"WT"
40,199668,"18",3,0.08567227,0.199526231496888,"WT"
50,397783,"18",3,0.08567227,0.199526231496888,"WT"
60,396935,"18",3,0.08567227,0.199526231496888,"WT"
0,100000,"19",4,0.08319832,0.199526231496888,"WT"
10,100000,"19",4,0.08319832,0.199526231496888,"WT"
20,101286,"19",4,0.08319832,0.199526231496888,"WT"
30,199946,"19",4,0.08319832,0.199526231496888,"WT"
40,200066,"19",4,0.08319832,0.199526231496888,"WT"
50,399344,"19",4,0.08319832,0.199526231496888,"WT"
60,399250,"19",4,0.08319832,0.199526231496888,"WT"
0,100000,"20",5,0.0822,0.199526231496888,"WT"
10,100000,"20",5,0.0822,0.199526231496888,"WT"
20,101306,"20",5,0.0822,0.199526231496888,"WT"
30,199986,"20",5,0.0822,0.199526231496888,"WT"
40,200140,"20",5,0.0822,0.199526231496888,"WT"
50,399677,"20",5,0.0822,0.199526231496888,"WT"
60,399750,"20",5,0.0822,0.199526231496888,"WT"
0,100000,"21",1,0.1043,0.251188643150958,"WT"
10,99437,"21",1,0.1043,0.251188643150958,"WT"
20,98638,"21",1,0.1043,0.251188643150958,"WT"
30,188556,"21",1,0.1043,0.251188643150958,"WT"
40,181108,"21",1,0.1043,0.251188643150958,"WT"
50,344638,"21",1,0.1043,0.251188643150958,"WT"
60,327715,"21",1,0.1043,0.251188643150958,"WT"
0,100000,"22",2,0.08951271,0.251188643150958,"WT"
10,99940,"22",2,0.08951271,0.251188643150958,"WT"
20,100928,"22",2,0.08951271,0.251188643150958,"WT"
30,197899,"22",2,0.08951271,0.251188643150958,"WT"
40,196113,"22",2,0.08951271,0.251188643150958,"WT"
50,386293,"22",2,0.08951271,0.251188643150958,"WT"
60,380575,"22",2,0.08951271,0.251188643150958,"WT"
0,100000,"23",3,0.08567227,0.251188643150958,"WT"
10,99990,"23",3,0.08567227,0.251188643150958,"WT"
20,101254,"23",3,0.08567227,0.251188643150958,"WT"
30,199560,"23",3,0.08567227,0.251188643150958,"WT"
40,199219,"23",3,0.08567227,0.251188643150958,"WT"
50,396307,"23",3,0.08567227,0.251188643150958,"WT"
60,394556,"23",3,0.08567227,0.251188643150958,"WT"
0,100000,"24",4,0.08319832,0.251188643150958,"WT"
10,99999,"24",4,0.08319832,0.251188643150958,"WT"
20,101311,"24",4,0.08319832,0.251188643150958,"WT"
30,199890,"24",4,0.08319832,0.251188643150958,"WT"
40,199896,"24",4,0.08319832,0.251188643150958,"WT"
50,398727,"24",4,0.08319832,0.251188643150958,"WT"
60,398252,"24",4,0.08319832,0.251188643150958,"WT"
0,100000,"25",5,0.0822,0.251188643150958,"WT"
10,99999,"25",5,0.0822,0.251188643150958,"WT"
20,101286,"25",5,0.0822,0.251188643150958,"WT"
30,199952,"25",5,0.0822,0.251188643150958,"WT"
40,200082,"25",5,0.0822,0.251188643150958,"WT"
50,399483,"25",5,0.0822,0.251188643150958,"WT"
60,399423,"25",5,0.0822,0.251188643150958,"WT"
0,100000,"26",1,0.1043,0.316227766016838,"WT"
10,99346,"26",1,0.1043,0.316227766016838,"WT"
20,98028,"26",1,0.1043,0.316227766016838,"WT"
30,185829,"26",1,0.1043,0.316227766016838,"WT"
40,176853,"26",1,0.1043,0.316227766016838,"WT"
50,332012,"26",1,0.1043,0.316227766016838,"WT"
60,311238,"26",1,0.1043,0.316227766016838,"WT"
0,100000,"27",2,0.08951271,0.316227766016838,"WT"
10,99924,"27",2,0.08951271,0.316227766016838,"WT"
20,100787,"27",2,0.08951271,0.316227766016838,"WT"
30,196875,"27",2,0.08951271,0.316227766016838,"WT"
40,194031,"27",2,0.08951271,0.316227766016838,"WT"
50,379491,"27",2,0.08951271,0.316227766016838,"WT"
60,370971,"27",2,0.08951271,0.316227766016838,"WT"
0,100000,"28",3,0.08567227,0.316227766016838,"WT"
10,99986,"28",3,0.08567227,0.316227766016838,"WT"
20,101229,"28",3,0.08567227,0.316227766016838,"WT"
30,199250,"28",3,0.08567227,0.316227766016838,"WT"
40,198555,"28",3,0.08567227,0.316227766016838,"WT"
50,393499,"28",3,0.08567227,0.316227766016838,"WT"
60,390328,"28",3,0.08567227,0.316227766016838,"WT"
0,100000,"29",4,0.08319832,0.316227766016838,"WT"
10,99998,"29",4,0.08319832,0.316227766016838,"WT"
20,101333,"29",4,0.08319832,0.316227766016838,"WT"
30,199795,"29",4,0.08319832,0.316227766016838,"WT"
40,199665,"29",4,0.08319832,0.316227766016838,"WT"
50,397752,"29",4,0.08319832,0.316227766016838,"WT"
60,396506,"29",4,0.08319832,0.316227766016838,"WT"
0,100000,"30",5,0.0822,0.316227766016838,"WT"
10,100000,"30",5,0.0822,0.316227766016838,"WT"
20,101283,"30",5,0.0822,0.316227766016838,"WT"
30,199900,"30",5,0.0822,0.316227766016838,"WT"
40,199972,"30",5,0.0822,0.316227766016838,"WT"
50,398919,"30",5,0.0822,0.316227766016838,"WT"
60,398509,"30",5,0.0822,0.316227766016838,"WT"
0,100000,"31",1,0.1043,0.398107170553497,"WT"
10,99125,"31",1,0.1043,0.398107170553497,"WT"
20,97241,"31",1,0.1043,0.398107170553497,"WT"
30,182446,"31",1,0.1043,0.398107170553497,"WT"
40,171223,"31",1,0.1043,0.398107170553497,"WT"
50,316575,"31",1,0.1043,0.398107170553497,"WT"
60,292141,"31",1,0.1043,0.398107170553497,"WT"
0,100000,"32",2,0.08951271,0.398107170553497,"WT"
10,99895,"32",2,0.08951271,0.398107170553497,"WT"
20,100547,"32",2,0.08951271,0.398107170553497,"WT"
30,195340,"32",2,0.08951271,0.398107170553497,"WT"
40,190963,"32",2,0.08951271,0.398107170553497,"WT"
50,369509,"32",2,0.08951271,0.398107170553497,"WT"
60,356883,"32",2,0.08951271,0.398107170553497,"WT"
0,100000,"33",3,0.08567227,0.398107170553497,"WT"
10,99985,"33",3,0.08567227,0.398107170553497,"WT"
20,101185,"33",3,0.08567227,0.398107170553497,"WT"
30,198636,"33",3,0.08567227,0.398107170553497,"WT"
40,197138,"33",3,0.08567227,0.398107170553497,"WT"
50,388556,"33",3,0.08567227,0.398107170553497,"WT"
60,382659,"33",3,0.08567227,0.398107170553497,"WT"
0,100000,"34",4,0.08319832,0.398107170553497,"WT"
10,99999,"34",4,0.08319832,0.398107170553497,"WT"
20,101323,"34",4,0.08319832,0.398107170553497,"WT"
30,199528,"34",4,0.08319832,0.398107170553497,"WT"
40,199026,"34",4,0.08319832,0.398107170553497,"WT"
50,395009,"34",4,0.08319832,0.398107170553497,"WT"
60,392160,"34",4,0.08319832,0.398107170553497,"WT"
0,100000,"35",5,0.0822,0.398107170553497,"WT"
10,99999,"35",5,0.0822,0.398107170553497,"WT"
20,101333,"35",5,0.0822,0.398107170553497,"WT"
30,199845,"35",5,0.0822,0.398107170553497,"WT"
40,199722,"35",5,0.0822,0.398107170553497,"WT"
50,397690,"35",5,0.0822,0.398107170553497,"WT"
60,396342,"35",5,0.0822,0.398107170553497,"WT"
0,100000,"36",1,0.1043,0.501187233627272,"WT"
10,98908,"36",1,0.1043,0.501187233627272,"WT"
20,95981,"36",1,0.1043,0.501187233627272,"WT"
30,177987,"36",1,0.1043,0.501187233627272,"WT"
40,164371,"36",1,0.1043,0.501187233627272,"WT"
50,298107,"36",1,0.1043,0.501187233627272,"WT"
60,269427,"36",1,0.1043,0.501187233627272,"WT"
0,100000,"37",2,0.08951271,0.501187233627272,"WT"
10,99860,"37",2,0.08951271,0.501187233627272,"WT"
20,100055,"37",2,0.08951271,0.501187233627272,"WT"
30,193092,"37",2,0.08951271,0.501187233627272,"WT"
40,186552,"37",2,0.08951271,0.501187233627272,"WT"
50,355141,"37",2,0.08951271,0.501187233627272,"WT"
60,336818,"37",2,0.08951271,0.501187233627272,"WT"
0,100000,"38",3,0.08567227,0.501187233627272,"WT"
10,99975,"38",3,0.08567227,0.501187233627272,"WT"
20,101077,"38",3,0.08567227,0.501187233627272,"WT"
30,197658,"38",3,0.08567227,0.501187233627272,"WT"
40,194742,"38",3,0.08567227,0.501187233627272,"WT"
50,379431,"38",3,0.08567227,0.501187233627272,"WT"
60,368790,"38",3,0.08567227,0.501187233627272,"WT"
0,100000,"39",4,0.08319832,0.501187233627272,"WT"
10,99997,"39",4,0.08319832,0.501187233627272,"WT"
20,101263,"39",4,0.08319832,0.501187233627272,"WT"
30,199004,"39",4,0.08319832,0.501187233627272,"WT"
40,197655,"39",4,0.08319832,0.501187233627272,"WT"
50,389479,"39",4,0.08319832,0.501187233627272,"WT"
60,383185,"39",4,0.08319832,0.501187233627272,"WT"
0,100000,"40",5,0.0822,0.501187233627272,"WT"
10,99998,"40",5,0.0822,0.501187233627272,"WT"
20,101241,"40",5,0.0822,0.501187233627272,"WT"
30,199581,"40",5,0.0822,0.501187233627272,"WT"
40,199019,"40",5,0.0822,0.501187233627272,"WT"
50,394108,"40",5,0.0822,0.501187233627272,"WT"
60,390269,"40",5,0.0822,0.501187233627272,"WT"
0,100000,"41",1,0.1043,0.630957344480193,"WT"
10,98622,"41",1,0.1043,0.630957344480193,"WT"
20,94735,"41",1,0.1043,0.630957344480193,"WT"
30,172692,"41",1,0.1043,0.630957344480193,"WT"
40,156287,"41",1,0.1043,0.630957344480193,"WT"
50,276749,"41",1,0.1043,0.630957344480193,"WT"
60,243892,"41",1,0.1043,0.630957344480193,"WT"
0,100000,"42",2,0.08951271,0.630957344480193,"WT"
10,99769,"42",2,0.08951271,0.630957344480193,"WT"
20,99482,"42",2,0.08951271,0.630957344480193,"WT"
30,189552,"42",2,0.08951271,0.630957344480193,"WT"
40,179663,"42",2,0.08951271,0.630957344480193,"WT"
50,333097,"42",2,0.08951271,0.630957344480193,"WT"
60,306590,"42",2,0.08951271,0.630957344480193,"WT"
0,100000,"43",3,0.08567227,0.630957344480193,"WT"
10,99959,"43",3,0.08567227,0.630957344480193,"WT"
20,100793,"43",3,0.08567227,0.630957344480193,"WT"
30,195714,"43",3,0.08567227,0.630957344480193,"WT"
40,190355,"43",3,0.08567227,0.630957344480193,"WT"
50,363191,"43",3,0.08567227,0.630957344480193,"WT"
60,344534,"43",3,0.08567227,0.630957344480193,"WT"
0,100000,"44",4,0.08319832,0.630957344480193,"WT"
10,99994,"44",4,0.08319832,0.630957344480193,"WT"
20,101117,"44",4,0.08319832,0.630957344480193,"WT"
30,197877,"44",4,0.08319832,0.630957344480193,"WT"
40,194757,"44",4,0.08319832,0.630957344480193,"WT"
50,377120,"44",4,0.08319832,0.630957344480193,"WT"
60,363694,"44",4,0.08319832,0.630957344480193,"WT"
0,100000,"45",5,0.0822,0.630957344480193,"WT"
10,99997,"45",5,0.0822,0.630957344480193,"WT"
20,101209,"45",5,0.0822,0.630957344480193,"WT"
30,198855,"45",5,0.0822,0.630957344480193,"WT"
40,197064,"45",5,0.0822,0.630957344480193,"WT"
50,385186,"45",5,0.0822,0.630957344480193,"WT"
60,375317,"45",5,0.0822,0.630957344480193,"WT"
0,100000,"46",1,0.1043,0.794328234724281,"WT"
10,98255,"46",1,0.1043,0.794328234724281,"WT"
20,93220,"46",1,0.1043,0.794328234724281,"WT"
30,166509,"46",1,0.1043,0.794328234724281,"WT"
40,146878,"46",1,0.1043,0.794328234724281,"WT"
50,251888,"46",1,0.1043,0.794328234724281,"WT"
60,214892,"46",1,0.1043,0.794328234724281,"WT"
0,100000,"47",2,0.08951271,0.794328234724281,"WT"
10,99648,"47",2,0.08951271,0.794328234724281,"WT"
20,98484,"47",2,0.08951271,0.794328234724281,"WT"
30,184276,"47",2,0.08951271,0.794328234724281,"WT"
40,169785,"47",2,0.08951271,0.794328234724281,"WT"
50,302616,"47",2,0.08951271,0.794328234724281,"WT"
60,267536,"47",2,0.08951271,0.794328234724281,"WT"
0,100000,"48",3,0.08567227,0.794328234724281,"WT"
10,99928,"48",3,0.08567227,0.794328234724281,"WT"
20,100360,"48",3,0.08567227,0.794328234724281,"WT"
30,192272,"48",3,0.08567227,0.794328234724281,"WT"
40,182494,"48",3,0.08567227,0.794328234724281,"WT"
50,335167,"48",3,0.08567227,0.794328234724281,"WT"
60,304518,"48",3,0.08567227,0.794328234724281,"WT"
0,100000,"49",4,0.08319832,0.794328234724281,"WT"
10,99985,"49",4,0.08319832,0.794328234724281,"WT"
20,100875,"49",4,0.08319832,0.794328234724281,"WT"
30,195594,"49",4,0.08319832,0.794328234724281,"WT"
40,188666,"49",4,0.08319832,0.794328234724281,"WT"
50,352491,"49",4,0.08319832,0.794328234724281,"WT"
60,325395,"49",4,0.08319832,0.794328234724281,"WT"
0,100000,"50",5,0.0822,0.794328234724281,"WT"
10,99994,"50",5,0.0822,0.794328234724281,"WT"
20,101169,"50",5,0.0822,0.794328234724281,"WT"
30,197311,"50",5,0.0822,0.794328234724281,"WT"
40,192495,"50",5,0.0822,0.794328234724281,"WT"
50,363806,"50",5,0.0822,0.794328234724281,"WT"
60,340479,"50",5,0.0822,0.794328234724281,"WT"
0,100000,"51",1,0.1043,1,"WT"
10,97841,"51",1,0.1043,1,"WT"
20,91279,"51",1,0.1043,1,"WT"
30,158925,"51",1,0.1043,1,"WT"
40,135680,"51",1,0.1043,1,"WT"
50,223634,"51",1,0.1043,1,"WT"
60,183020,"51",1,0.1043,1,"WT"
0,100000,"52",2,0.08951271,1,"WT"
10,99531,"52",2,0.08951271,1,"WT"
20,97404,"52",2,0.08951271,1,"WT"
30,176842,"52",2,0.08951271,1,"WT"
40,156088,"52",2,0.08951271,1,"WT"
50,262773,"52",2,0.08951271,1,"WT"
60,218012,"52",2,0.08951271,1,"WT"
0,100000,"53",3,0.08567227,1,"WT"
10,99862,"53",3,0.08567227,1,"WT"
20,99390,"53",3,0.08567227,1,"WT"
30,185694,"53",3,0.08567227,1,"WT"
40,168694,"53",3,0.08567227,1,"WT"
50,289490,"53",3,0.08567227,1,"WT"
60,244242,"53",3,0.08567227,1,"WT"
0,100000,"54",4,0.08319832,1,"WT"
10,99962,"54",4,0.08319832,1,"WT"
20,100424,"54",4,0.08319832,1,"WT"
30,190525,"54",4,0.08319832,1,"WT"
40,175978,"54",4,0.08319832,1,"WT"
50,305277,"54",4,0.08319832,1,"WT"
60,259305,"54",4,0.08319832,1,"WT"
0,100000,"55",5,0.0822,1,"WT"
10,99984,"55",5,0.0822,1,"WT"
20,100836,"55",5,0.0822,1,"WT"
30,193121,"55",5,0.0822,1,"WT"
40,180703,"55",5,0.0822,1,"WT"
50,316420,"55",5,0.0822,1,"WT"
60,270201,"55",5,0.0822,1,"WT"
0,100000,"56",1,0.1043,1.25892541179417,"WT"
10,97231,"56",1,0.1043,1.25892541179417,"WT"
20,88829,"56",1,0.1043,1.25892541179417,"WT"
30,149361,"56",1,0.1043,1.25892541179417,"WT"
40,122351,"56",1,0.1043,1.25892541179417,"WT"
50,191798,"56",1,0.1043,1.25892541179417,"WT"
60,149271,"56",1,0.1043,1.25892541179417,"WT"
0,100000,"57",2,0.08951271,1.25892541179417,"WT"
10,99290,"57",2,0.08951271,1.25892541179417,"WT"
20,95026,"57",2,0.08951271,1.25892541179417,"WT"
30,165410,"57",2,0.08951271,1.25892541179417,"WT"
40,136907,"57",2,0.08951271,1.25892541179417,"WT"
50,211715,"57",2,0.08951271,1.25892541179417,"WT"
60,160043,"57",2,0.08951271,1.25892541179417,"WT"
0,100000,"58",3,0.08567227,1.25892541179417,"WT"
10,99786,"58",3,0.08567227,1.25892541179417,"WT"
20,98044,"58",3,0.08567227,1.25892541179417,"WT"
30,174951,"58",3,0.08567227,1.25892541179417,"WT"
40,147056,"58",3,0.08567227,1.25892541179417,"WT"
50,225079,"58",3,0.08567227,1.25892541179417,"WT"
60,166595,"58",3,0.08567227,1.25892541179417,"WT"
0,100000,"59",4,0.08319832,1.25892541179417,"WT"
10,99937,"59",4,0.08319832,1.25892541179417,"WT"
20,99349,"59",4,0.08319832,1.25892541179417,"WT"
30,179754,"59",4,0.08319832,1.25892541179417,"WT"
40,151844,"59",4,0.08319832,1.25892541179417,"WT"
50,228025,"59",4,0.08319832,1.25892541179417,"WT"
60,164781,"59",4,0.08319832,1.25892541179417,"WT"
0,100000,"60",5,0.0822,1.25892541179417,"WT"
10,99971,"60",5,0.0822,1.25892541179417,"WT"
20,100071,"60",5,0.0822,1.25892541179417,"WT"
30,183214,"60",5,0.0822,1.25892541179417,"WT"
40,155409,"60",5,0.0822,1.25892541179417,"WT"
50,229830,"60",5,0.0822,1.25892541179417,"WT"
60,162736,"60",5,0.0822,1.25892541179417,"WT"
0,100000,"61",1,0.1043,1.58489319246111,"WT"
10,96527,"61",1,0.1043,1.58489319246111,"WT"
20,85867,"61",1,0.1043,1.58489319246111,"WT"
30,138816,"61",1,0.1043,1.58489319246111,"WT"
40,108087,"61",1,0.1043,1.58489319246111,"WT"
50,159537,"61",1,0.1043,1.58489319246111,"WT"
60,116720,"61",1,0.1043,1.58489319246111,"WT"
0,100000,"62",2,0.08951271,1.58489319246111,"WT"
10,98896,"62",2,0.08951271,1.58489319246111,"WT"
20,91908,"62",2,0.08951271,1.58489319246111,"WT"
30,149958,"62",2,0.08951271,1.58489319246111,"WT"
40,113427,"62",2,0.08951271,1.58489319246111,"WT"
50,155143,"62",2,0.08951271,1.58489319246111,"WT"
60,103072,"62",2,0.08951271,1.58489319246111,"WT"
0,100000,"63",3,0.08567227,1.58489319246111,"WT"
10,99633,"63",3,0.08567227,1.58489319246111,"WT"
20,95181,"63",3,0.08567227,1.58489319246111,"WT"
30,156726,"63",3,0.08567227,1.58489319246111,"WT"
40,115328,"63",3,0.08567227,1.58489319246111,"WT"
50,146280,"63",3,0.08567227,1.58489319246111,"WT"
60,88592,"63",3,0.08567227,1.58489319246111,"WT"
0,100000,"64",4,0.08319832,1.58489319246111,"WT"
10,99824,"64",4,0.08319832,1.58489319246111,"WT"
20,96820,"64",4,0.08319832,1.58489319246111,"WT"
30,159342,"64",4,0.08319832,1.58489319246111,"WT"
40,113256,"64",4,0.08319832,1.58489319246111,"WT"
50,132200,"64",4,0.08319832,1.58489319246111,"WT"
60,73004,"64",4,0.08319832,1.58489319246111,"WT"
0,100000,"65",5,0.0822,1.58489319246111,"WT"
10,99922,"65",5,0.0822,1.58489319246111,"WT"
20,97891,"65",5,0.0822,1.58489319246111,"WT"
30,160783,"65",5,0.0822,1.58489319246111,"WT"
40,110518,"65",5,0.0822,1.58489319246111,"WT"
50,119155,"65",5,0.0822,1.58489319246111,"WT"
60,60726,"65",5,0.0822,1.58489319246111,"WT"
0,100000,"66",1,0.1043,1.99526231496888,"WT"
10,95671,"66",1,0.1043,1.99526231496888,"WT"
20,82472,"66",1,0.1043,1.99526231496888,"WT"
30,127288,"66",1,0.1043,1.99526231496888,"WT"
40,93217,"66",1,0.1043,1.99526231496888,"WT"
50,127788,"66",1,0.1043,1.99526231496888,"WT"
60,86279,"66",1,0.1043,1.99526231496888,"WT"
0,100000,"67",2,0.08951271,1.99526231496888,"WT"
10,98333,"67",2,0.08951271,1.99526231496888,"WT"
20,87211,"67",2,0.08951271,1.99526231496888,"WT"
30,129570,"67",2,0.08951271,1.99526231496888,"WT"
40,86196,"67",2,0.08951271,1.99526231496888,"WT"
50,99659,"67",2,0.08951271,1.99526231496888,"WT"
60,55625,"67",2,0.08951271,1.99526231496888,"WT"
0,100000,"68",3,0.08567227,1.99526231496888,"WT"
10,99222,"68",3,0.08567227,1.99526231496888,"WT"
20,90201,"68",3,0.08567227,1.99526231496888,"WT"
30,129863,"68",3,0.08567227,1.99526231496888,"WT"
40,77967,"68",3,0.08567227,1.99526231496888,"WT"
50,74430,"68",3,0.08567227,1.99526231496888,"WT"
60,33755,"68",3,0.08567227,1.99526231496888,"WT"
0,100000,"69",4,0.08319832,1.99526231496888,"WT"
10,99646,"69",4,0.08319832,1.99526231496888,"WT"
20,91793,"69",4,0.08319832,1.99526231496888,"WT"
30,126303,"69",4,0.08319832,1.99526231496888,"WT"
40,67036,"69",4,0.08319832,1.99526231496888,"WT"
50,51836,"69",4,0.08319832,1.99526231496888,"WT"
60,19024,"69",4,0.08319832,1.99526231496888,"WT"
0,100000,"70",5,0.0822,1.99526231496888,"WT"
10,99807,"70",5,0.0822,1.99526231496888,"WT"
20,92567,"70",5,0.0822,1.99526231496888,"WT"
30,121713,"70",5,0.0822,1.99526231496888,"WT"
40,58589,"70",5,0.0822,1.99526231496888,"WT"
50,38291,"70",5,0.0822,1.99526231496888,"WT"
60,12071,"70",5,0.0822,1.99526231496888,"WT"
0,100000,"71",1,0.1043,2.51188643150958,"WT"
10,94589,"71",1,0.1043,2.51188643150958,"WT"
20,78163,"71",1,0.1043,2.51188643150958,"WT"
30,113248,"71",1,0.1043,2.51188643150958,"WT"
40,76753,"71",1,0.1043,2.51188643150958,"WT"
50,95329,"71",1,0.1043,2.51188643150958,"WT"
60,58405,"71",1,0.1043,2.51188643150958,"WT"
0,100000,"72",2,0.08951271,2.51188643150958,"WT"
10,97442,"72",2,0.08951271,2.51188643150958,"WT"
20,80770,"72",2,0.08951271,2.51188643150958,"WT"
30,105620,"72",2,0.08951271,2.51188643150958,"WT"
40,58467,"72",2,0.08951271,2.51188643150958,"WT"
50,53934,"72",2,0.08951271,2.51188643150958,"WT"
60,23790,"72",2,0.08951271,2.51188643150958,"WT"
0,100000,"73",3,0.08567227,2.51188643150958,"WT"
10,98688,"73",3,0.08567227,2.51188643150958,"WT"
20,82143,"73",3,0.08567227,2.51188643150958,"WT"
30,95822,"73",3,0.08567227,2.51188643150958,"WT"
40,42638,"73",3,0.08567227,2.51188643150958,"WT"
50,27620,"73",3,0.08567227,2.51188643150958,"WT"
60,8449,"73",3,0.08567227,2.51188643150958,"WT"
0,100000,"74",4,0.08319832,2.51188643150958,"WT"
10,99229,"74",4,0.08319832,2.51188643150958,"WT"
20,82113,"74",4,0.08319832,2.51188643150958,"WT"
30,83173,"74",4,0.08319832,2.51188643150958,"WT"
40,29307,"74",4,0.08319832,2.51188643150958,"WT"
50,13158,"74",4,0.08319832,2.51188643150958,"WT"
60,2848,"74",4,0.08319832,2.51188643150958,"WT"
0,100000,"75",5,0.0822,2.51188643150958,"WT"
10,99491,"75",5,0.0822,2.51188643150958,"WT"
20,81724,"75",5,0.0822,2.51188643150958,"WT"
30,72777,"75",5,0.0822,2.51188643150958,"WT"
40,21330,"75",5,0.0822,2.51188643150958,"WT"
50,7104,"75",5,0.0822,2.51188643150958,"WT"
60,1196,"75",5,0.0822,2.51188643150958,"WT"
0,100000,"76",1,0.1043,3.16227766016838,"WT"
10,93453,"76",1,0.1043,3.16227766016838,"WT"
20,73584,"76",1,0.1043,3.16227766016838,"WT"
30,98920,"76",1,0.1043,3.16227766016838,"WT"
40,60946,"76",1,0.1043,3.16227766016838,"WT"
50,67425,"76",1,0.1043,3.16227766016838,"WT"
60,36679,"76",1,0.1043,3.16227766016838,"WT"
0,100000,"77",2,0.08951271,3.16227766016838,"WT"
10,96120,"77",2,0.08951271,3.16227766016838,"WT"
20,72544,"77",2,0.08951271,3.16227766016838,"WT"
30,79069,"77",2,0.08951271,3.16227766016838,"WT"
40,35226,"77",2,0.08951271,3.16227766016838,"WT"
50,24235,"77",2,0.08951271,3.16227766016838,"WT"
60,8178,"77",2,0.08951271,3.16227766016838,"WT"
0,100000,"78",3,0.08567227,3.16227766016838,"WT"
10,97609,"78",3,0.08567227,3.16227766016838,"WT"
20,70323,"78",3,0.08567227,3.16227766016838,"WT"
30,60445,"78",3,0.08567227,3.16227766016838,"WT"
40,19013,"78",3,0.08567227,3.16227766016838,"WT"
50,7620,"78",3,0.08567227,3.16227766016838,"WT"
60,1603,"78",3,0.08567227,3.16227766016838,"WT"
0,100000,"79",4,0.08319832,3.16227766016838,"WT"
10,98256,"79",4,0.08319832,3.16227766016838,"WT"
20,66317,"79",4,0.08319832,3.16227766016838,"WT"
30,42968,"79",4,0.08319832,3.16227766016838,"WT"
40,9896,"79",4,0.08319832,3.16227766016838,"WT"
50,2194,"79",4,0.08319832,3.16227766016838,"WT"
60,288,"79",4,0.08319832,3.16227766016838,"WT"
0,100000,"80",5,0.0822,3.16227766016838,"WT"
10,98721,"80",5,0.0822,3.16227766016838,"WT"
20,62577,"80",5,0.0822,3.16227766016838,"WT"
30,31809,"80",5,0.0822,3.16227766016838,"WT"
40,6352,"80",5,0.0822,3.16227766016838,"WT"
50,938,"80",5,0.0822,3.16227766016838,"WT"
60,102,"80",5,0.0822,3.16227766016838,"WT"
0,100000,"81",1,0.1043,3.98107170553497,"WT"
10,91784,"81",1,0.1043,3.98107170553497,"WT"
20,67752,"81",1,0.1043,3.98107170553497,"WT"
30,82396,"81",1,0.1043,3.98107170553497,"WT"
40,45478,"81",1,0.1043,3.98107170553497,"WT"
50,43437,"81",1,0.1043,3.98107170553497,"WT"
60,20405,"81",1,0.1043,3.98107170553497,"WT"
0,100000,"82",2,0.08951271,3.98107170553497,"WT"
10,94200,"82",2,0.08951271,3.98107170553497,"WT"
20,61972,"82",2,0.08951271,3.98107170553497,"WT"
30,53963,"82",2,0.08951271,3.98107170553497,"WT"
40,18752,"82",2,0.08951271,3.98107170553497,"WT"
50,9093,"82",2,0.08951271,3.98107170553497,"WT"
60,2204,"82",2,0.08951271,3.98107170553497,"WT"
0,100000,"83",3,0.08567227,3.98107170553497,"WT"
10,95700,"83",3,0.08567227,3.98107170553497,"WT"
20,55337,"83",3,0.08567227,3.98107170553497,"WT"
30,32150,"83",3,0.08567227,3.98107170553497,"WT"
40,7376,"83",3,0.08567227,3.98107170553497,"WT"
50,1637,"83",3,0.08567227,3.98107170553497,"WT"
60,211,"83",3,0.08567227,3.98107170553497,"WT"
0,100000,"84",4,0.08319832,3.98107170553497,"WT"
10,96350,"84",4,0.08319832,3.98107170553497,"WT"
20,46601,"84",4,0.08319832,3.98107170553497,"WT"
30,17934,"84",4,0.08319832,3.98107170553497,"WT"
40,3206,"84",4,0.08319832,3.98107170553497,"WT"
50,375,"84",4,0.08319832,3.98107170553497,"WT"
60,44,"84",4,0.08319832,3.98107170553497,"WT"
0,100000,"85",5,0.0822,3.98107170553497,"WT"
10,96792,"85",5,0.0822,3.98107170553497,"WT"
20,39867,"85",5,0.0822,3.98107170553497,"WT"
30,11590,"85",5,0.0822,3.98107170553497,"WT"
40,2013,"85",5,0.0822,3.98107170553497,"WT"
50,135,"85",5,0.0822,3.98107170553497,"WT"
60,10,"85",5,0.0822,3.98107170553497,"WT"
0,100000,"86",1,0.1043,5.01187233627272,"WT"
10,89722,"86",1,0.1043,5.01187233627272,"WT"
20,61290,"86",1,0.1043,5.01187233627272,"WT"
30,66607,"86",1,0.1043,5.01187233627272,"WT"
40,32182,"86",1,0.1043,5.01187233627272,"WT"
50,26044,"86",1,0.1043,5.01187233627272,"WT"
60,10293,"86",1,0.1043,5.01187233627272,"WT"
0,100000,"87",2,0.08951271,5.01187233627272,"WT"
10,91344,"87",2,0.08951271,5.01187233627272,"WT"
20,50104,"87",2,0.08951271,5.01187233627272,"WT"
30,33246,"87",2,0.08951271,5.01187233627272,"WT"
40,9002,"87",2,0.08951271,5.01187233627272,"WT"
50,3028,"87",2,0.08951271,5.01187233627272,"WT"
60,548,"87",2,0.08951271,5.01187233627272,"WT"
0,100000,"88",3,0.08567227,5.01187233627272,"WT"
10,92299,"88",3,0.08567227,5.01187233627272,"WT"
20,38652,"88",3,0.08567227,5.01187233627272,"WT"
30,14741,"88",3,0.08567227,5.01187233627272,"WT"
40,2804,"88",3,0.08567227,5.01187233627272,"WT"
50,379,"88",3,0.08567227,5.01187233627272,"WT"
60,34,"88",3,0.08567227,5.01187233627272,"WT"
0,100000,"89",4,0.08319832,5.01187233627272,"WT"
10,92210,"89",4,0.08319832,5.01187233627272,"WT"
20,28452,"89",4,0.08319832,5.01187233627272,"WT"
30,6940,"89",4,0.08319832,5.01187233627272,"WT"
40,1240,"89",4,0.08319832,5.01187233627272,"WT"
50,93,"89",4,0.08319832,5.01187233627272,"WT"
60,5,"89",4,0.08319832,5.01187233627272,"WT"
0,100000,"90",5,0.0822,5.01187233627272,"WT"
10,92286,"90",5,0.0822,5.01187233627272,"WT"
20,22128,"90",5,0.0822,5.01187233627272,"WT"
30,4196,"90",5,0.0822,5.01187233627272,"WT"
40,806,"90",5,0.0822,5.01187233627272,"WT"
50,30,"90",5,0.0822,5.01187233627272,"WT"
60,1,"90",5,0.0822,5.01187233627272,"WT"
0,100000,"91",1,0.1043,6.30957344480193,"WT"
10,87060,"91",1,0.1043,6.30957344480193,"WT"
20,53907,"91",1,0.1043,6.30957344480193,"WT"
30,50929,"91",1,0.1043,6.30957344480193,"WT"
40,20814,"91",1,0.1043,6.30957344480193,"WT"
50,13608,"91",1,0.1043,6.30957344480193,"WT"
60,4434,"91",1,0.1043,6.30957344480193,"WT"
0,100000,"92",2,0.08951271,6.30957344480193,"WT"
10,87326,"92",2,0.08951271,6.30957344480193,"WT"
20,38052,"92",2,0.08951271,6.30957344480193,"WT"
30,18893,"92",2,0.08951271,6.30957344480193,"WT"
40,4128,"92",2,0.08951271,6.30957344480193,"WT"
50,918,"92",2,0.08951271,6.30957344480193,"WT"
60,135,"92",2,0.08951271,6.30957344480193,"WT"
0,100000,"93",3,0.08567227,6.30957344480193,"WT"
10,86706,"93",3,0.08567227,6.30957344480193,"WT"
20,24850,"93",3,0.08567227,6.30957344480193,"WT"
30,6617,"93",3,0.08567227,6.30957344480193,"WT"
40,1174,"93",3,0.08567227,6.30957344480193,"WT"
50,84,"93",3,0.08567227,6.30957344480193,"WT"
60,3,"93",3,0.08567227,6.30957344480193,"WT"
0,100000,"94",4,0.08319832,6.30957344480193,"WT"
10,85088,"94",4,0.08319832,6.30957344480193,"WT"
20,15967,"94",4,0.08319832,6.30957344480193,"WT"
30,2929,"94",4,0.08319832,6.30957344480193,"WT"
40,554,"94",4,0.08319832,6.30957344480193,"WT"
50,31,"94",4,0.08319832,6.30957344480193,"WT"
60,5,"94",4,0.08319832,6.30957344480193,"WT"
0,100000,"95",5,0.0822,6.30957344480193,"WT"
10,83233,"95",5,0.0822,6.30957344480193,"WT"
20,11617,"95",5,0.0822,6.30957344480193,"WT"
30,1792,"95",5,0.0822,6.30957344480193,"WT"
40,363,"95",5,0.0822,6.30957344480193,"WT"
50,15,"95",5,0.0822,6.30957344480193,"WT"
60,3,"95",5,0.0822,6.30957344480193,"WT"
0,100000,"96",1,0.1043,7.94328234724282,"WT"
10,84210,"96",1,0.1043,7.94328234724282,"WT"
20,46574,"96",1,0.1043,7.94328234724282,"WT"
30,36858,"96",1,0.1043,7.94328234724282,"WT"
40,12562,"96",1,0.1043,7.94328234724282,"WT"
50,6187,"96",1,0.1043,7.94328234724282,"WT"
60,1639,"96",1,0.1043,7.94328234724282,"WT"
0,100000,"97",2,0.08951271,7.94328234724282,"WT"
10,82230,"97",2,0.08951271,7.94328234724282,"WT"
20,27500,"97",2,0.08951271,7.94328234724282,"WT"
30,9890,"97",2,0.08951271,7.94328234724282,"WT"
40,1969,"97",2,0.08951271,7.94328234724282,"WT"
50,279,"97",2,0.08951271,7.94328234724282,"WT"
60,19,"97",2,0.08951271,7.94328234724282,"WT"
0,100000,"98",3,0.08567227,7.94328234724282,"WT"
10,78851,"98",3,0.08567227,7.94328234724282,"WT"
20,15189,"98",3,0.08567227,7.94328234724282,"WT"
30,3027,"98",3,0.08567227,7.94328234724282,"WT"
40,560,"98",3,0.08567227,7.94328234724282,"WT"
50,31,"98",3,0.08567227,7.94328234724282,"WT"
60,2,"98",3,0.08567227,7.94328234724282,"WT"
0,100000,"99",4,0.08319832,7.94328234724282,"WT"
10,74662,"99",4,0.08319832,7.94328234724282,"WT"
20,9451,"99",4,0.08319832,7.94328234724282,"WT"
30,1396,"99",4,0.08319832,7.94328234724282,"WT"
40,272,"99",4,0.08319832,7.94328234724282,"WT"
50,13,"99",4,0.08319832,7.94328234724282,"WT"
60,2,"99",4,0.08319832,7.94328234724282,"WT"
0,100000,"100",5,0.0822,7.94328234724282,"WT"
10,70026,"100",5,0.0822,7.94328234724282,"WT"
20,6693,"100",5,0.0822,7.94328234724282,"WT"
30,939,"100",5,0.0822,7.94328234724282,"WT"
40,167,"100",5,0.0822,7.94328234724282,"WT"
50,4,"100",5,0.0822,7.94328234724282,"WT"
60,0,"100",5,0.0822,7.94328234724282,"WT"
0,100000,"101",1,0.1043,10,"WT"
10,80912,"101",1,0.1043,10,"WT"
20,38796,"101",1,0.1043,10,"WT"
30,25614,"101",1,0.1043,10,"WT"
40,7390,"101",1,0.1043,10,"WT"
50,2738,"101",1,0.1043,10,"WT"
60,549,"101",1,0.1043,10,"WT"
0,100000,"102",2,0.08951271,10,"WT"
10,75635,"102",2,0.08951271,10,"WT"
20,19204,"102",2,0.08951271,10,"WT"
30,5487,"102",2,0.08951271,10,"WT"
40,1060,"102",2,0.08951271,10,"WT"
50,90,"102",2,0.08951271,10,"WT"
60,6,"102",2,0.08951271,10,"WT"
0,100000,"103",3,0.08567227,10,"WT"
10,68342,"103",3,0.08567227,10,"WT"
20,9432,"103",3,0.08567227,10,"WT"
30,1559,"103",3,0.08567227,10,"WT"
40,290,"103",3,0.08567227,10,"WT"
50,17,"103",3,0.08567227,10,"WT"
60,1,"103",3,0.08567227,10,"WT"
0,100000,"104",4,0.08319832,10,"WT"
10,60870,"104",4,0.08319832,10,"WT"
20,5730,"104",4,0.08319832,10,"WT"
30,772,"104",4,0.08319832,10,"WT"
40,151,"104",4,0.08319832,10,"WT"
50,1,"104",4,0.08319832,10,"WT"
60,0,"104",4,0.08319832,10,"WT"
0,100000,"105",5,0.0822,10,"WT"
10,55034,"105",5,0.0822,10,"WT"
20,4570,"105",5,0.0822,10,"WT"
30,581,"105",5,0.0822,10,"WT"
40,135,"105",5,0.0822,10,"WT"
50,6,"105",5,0.0822,10,"WT"
60,1,"105",5,0.0822,10,"WT"
0,100000,"106",1,0.1043,12.5892541179417,"WT"
10,76871,"106",1,0.1043,12.5892541179417,"WT"
20,31223,"106",1,0.1043,12.5892541179417,"WT"
30,16219,"106",1,0.1043,12.5892541179417,"WT"
40,4002,"106",1,0.1043,12.5892541179417,"WT"
50,1079,"106",1,0.1043,12.5892541179417,"WT"
60,160,"106",1,0.1043,12.5892541179417,"WT"
0,100000,"107",2,0.08951271,12.5892541179417,"WT"
10,67598,"107",2,0.08951271,12.5892541179417,"WT"
20,12868,"107",2,0.08951271,12.5892541179417,"WT"
30,2763,"107",2,0.08951271,12.5892541179417,"WT"
40,495,"107",2,0.08951271,12.5892541179417,"WT"
50,35,"107",2,0.08951271,12.5892541179417,"WT"
60,0,"107",2,0.08951271,12.5892541179417,"WT"
0,100000,"108",3,0.08567227,12.5892541179417,"WT"
10,57127,"108",3,0.08567227,12.5892541179417,"WT"
20,6210,"108",3,0.08567227,12.5892541179417,"WT"
30,923,"108",3,0.08567227,12.5892541179417,"WT"
40,179,"108",3,0.08567227,12.5892541179417,"WT"
50,6,"108",3,0.08567227,12.5892541179417,"WT"
60,1,"108",3,0.08567227,12.5892541179417,"WT"
0,100000,"109",4,0.08319832,12.5892541179417,"WT"
10,48098,"109",4,0.08319832,12.5892541179417,"WT"
20,4315,"109",4,0.08319832,12.5892541179417,"WT"
30,506,"109",4,0.08319832,12.5892541179417,"WT"
40,89,"109",4,0.08319832,12.5892541179417,"WT"
50,0,"109",4,0.08319832,12.5892541179417,"WT"
60,0,"109",4,0.08319832,12.5892541179417,"WT"
0,100000,"110",5,0.0822,12.5892541179417,"WT"
10,41975,"110",5,0.0822,12.5892541179417,"WT"
20,3770,"110",5,0.0822,12.5892541179417,"WT"
30,372,"110",5,0.0822,12.5892541179417,"WT"
40,88,"110",5,0.0822,12.5892541179417,"WT"
50,2,"110",5,0.0822,12.5892541179417,"WT"
60,0,"110",5,0.0822,12.5892541179417,"WT"
0,100000,"111",1,0.1043,15.8489319246111,"WT"
10,72196,"111",1,0.1043,15.8489319246111,"WT"
20,24408,"111",1,0.1043,15.8489319246111,"WT"
30,9982,"111",1,0.1043,15.8489319246111,"WT"
40,2068,"111",1,0.1043,15.8489319246111,"WT"
50,395,"111",1,0.1043,15.8489319246111,"WT"
60,47,"111",1,0.1043,15.8489319246111,"WT"
0,100000,"112",2,0.08951271,15.8489319246111,"WT"
10,58605,"112",2,0.08951271,15.8489319246111,"WT"
20,8843,"112",2,0.08951271,15.8489319246111,"WT"
30,1627,"112",2,0.08951271,15.8489319246111,"WT"
40,318,"112",2,0.08951271,15.8489319246111,"WT"
50,9,"112",2,0.08951271,15.8489319246111,"WT"
60,1,"112",2,0.08951271,15.8489319246111,"WT"
0,100000,"113",3,0.08567227,15.8489319246111,"WT"
10,46275,"113",3,0.08567227,15.8489319246111,"WT"
20,4824,"113",3,0.08567227,15.8489319246111,"WT"
30,523,"113",3,0.08567227,15.8489319246111,"WT"
40,100,"113",3,0.08567227,15.8489319246111,"WT"
50,0,"113",3,0.08567227,15.8489319246111,"WT"
60,0,"113",3,0.08567227,15.8489319246111,"WT"
0,100000,"114",4,0.08319832,15.8489319246111,"WT"
10,37559,"114",4,0.08319832,15.8489319246111,"WT"
20,3802,"114",4,0.08319832,15.8489319246111,"WT"
30,355,"114",4,0.08319832,15.8489319246111,"WT"
40,72,"114",4,0.08319832,15.8489319246111,"WT"
50,2,"114",4,0.08319832,15.8489319246111,"WT"
60,1,"114",4,0.08319832,15.8489319246111,"WT"
0,100000,"115",5,0.0822,15.8489319246111,"WT"
10,32790,"115",5,0.0822,15.8489319246111,"WT"
20,3496,"115",5,0.0822,15.8489319246111,"WT"
30,302,"115",5,0.0822,15.8489319246111,"WT"
40,64,"115",5,0.0822,15.8489319246111,"WT"
50,2,"115",5,0.0822,15.8489319246111,"WT"
60,0,"115",5,0.0822,15.8489319246111,"WT"
0,100000,"116",1,0.1043,19.9526231496888,"WT"
10,66853,"116",1,0.1043,19.9526231496888,"WT"
20,18419,"116",1,0.1043,19.9526231496888,"WT"
30,5867,"116",1,0.1043,19.9526231496888,"WT"
40,1100,"116",1,0.1043,19.9526231496888,"WT"
50,152,"116",1,0.1043,19.9526231496888,"WT"
60,19,"116",1,0.1043,19.9526231496888,"WT"
0,100000,"117",2,0.08951271,19.9526231496888,"WT"
10,50232,"117",2,0.08951271,19.9526231496888,"WT"
20,6598,"117",2,0.08951271,19.9526231496888,"WT"
30,929,"117",2,0.08951271,19.9526231496888,"WT"
40,171,"117",2,0.08951271,19.9526231496888,"WT"
50,10,"117",2,0.08951271,19.9526231496888,"WT"
60,0,"117",2,0.08951271,19.9526231496888,"WT"
0,100000,"118",3,0.08567227,19.9526231496888,"WT"
10,37175,"118",3,0.08567227,19.9526231496888,"WT"
20,4054,"118",3,0.08567227,19.9526231496888,"WT"
30,384,"118",3,0.08567227,19.9526231496888,"WT"
40,78,"118",3,0.08567227,19.9526231496888,"WT"
50,1,"118",3,0.08567227,19.9526231496888,"WT"
60,0,"118",3,0.08567227,19.9526231496888,"WT"
0,100000,"119",4,0.08319832,19.9526231496888,"WT"
10,30194,"119",4,0.08319832,19.9526231496888,"WT"
20,3636,"119",4,0.08319832,19.9526231496888,"WT"
30,244,"119",4,0.08319832,19.9526231496888,"WT"
40,53,"119",4,0.08319832,19.9526231496888,"WT"
50,0,"119",4,0.08319832,19.9526231496888,"WT"
60,0,"119",4,0.08319832,19.9526231496888,"WT"
0,100000,"120",5,0.0822,19.9526231496888,"WT"
10,26931,"120",5,0.0822,19.9526231496888,"WT"
20,3749,"120",5,0.0822,19.9526231496888,"WT"
30,200,"120",5,0.0822,19.9526231496888,"WT"
40,48,"120",5,0.0822,19.9526231496888,"WT"
50,3,"120",5,0.0822,19.9526231496888,"WT"
60,0,"120",5,0.0822,19.9526231496888,"WT"
0,100000,"121",1,0.1043,25.1188643150958,"WT"
10,61241,"121",1,0.1043,25.1188643150958,"WT"
20,13580,"121",1,0.1043,25.1188643150958,"WT"
30,3322,"121",1,0.1043,25.1188643150958,"WT"
40,596,"121",1,0.1043,25.1188643150958,"WT"
50,54,"121",1,0.1043,25.1188643150958,"WT"
60,4,"121",1,0.1043,25.1188643150958,"WT"
0,100000,"122",2,0.08951271,25.1188643150958,"WT"
10,42529,"122",2,0.08951271,25.1188643150958,"WT"
20,5034,"122",2,0.08951271,25.1188643150958,"WT"
30,592,"122",2,0.08951271,25.1188643150958,"WT"
40,114,"122",2,0.08951271,25.1188643150958,"WT"
50,2,"122",2,0.08951271,25.1188643150958,"WT"
60,0,"122",2,0.08951271,25.1188643150958,"WT"
0,100000,"123",3,0.08567227,25.1188643150958,"WT"
10,30555,"123",3,0.08567227,25.1188643150958,"WT"
20,3904,"123",3,0.08567227,25.1188643150958,"WT"
30,311,"123",3,0.08567227,25.1188643150958,"WT"
40,57,"123",3,0.08567227,25.1188643150958,"WT"
50,0,"123",3,0.08567227,25.1188643150958,"WT"
60,0,"123",3,0.08567227,25.1188643150958,"WT"
0,100000,"124",4,0.08319832,25.1188643150958,"WT"
10,25295,"124",4,0.08319832,25.1188643150958,"WT"
20,3720,"124",4,0.08319832,25.1188643150958,"WT"
30,183,"124",4,0.08319832,25.1188643150958,"WT"
40,40,"124",4,0.08319832,25.1188643150958,"WT"
50,0,"124",4,0.08319832,25.1188643150958,"WT"
60,0,"124",4,0.08319832,25.1188643150958,"WT"
0,100000,"125",5,0.0822,25.1188643150958,"WT"
10,22640,"125",5,0.0822,25.1188643150958,"WT"
20,3687,"125",5,0.0822,25.1188643150958,"WT"
30,190,"125",5,0.0822,25.1188643150958,"WT"
40,42,"125",5,0.0822,25.1188643150958,"WT"
50,1,"125",5,0.0822,25.1188643150958,"WT"
60,0,"125",5,0.0822,25.1188643150958,"WT"
0,100000,"126",1,0.1043,31.6227766016838,"WT"
10,54712,"126",1,0.1043,31.6227766016838,"WT"
20,9800,"126",1,0.1043,31.6227766016838,"WT"
30,1945,"126",1,0.1043,31.6227766016838,"WT"
40,310,"126",1,0.1043,31.6227766016838,"WT"
50,24,"126",1,0.1043,31.6227766016838,"WT"
60,3,"126",1,0.1043,31.6227766016838,"WT"
0,100000,"127",2,0.08951271,31.6227766016838,"WT"
10,35579,"127",2,0.08951271,31.6227766016838,"WT"
20,4480,"127",2,0.08951271,31.6227766016838,"WT"
30,427,"127",2,0.08951271,31.6227766016838,"WT"
40,90,"127",2,0.08951271,31.6227766016838,"WT"
50,3,"127",2,0.08951271,31.6227766016838,"WT"
60,0,"127",2,0.08951271,31.6227766016838,"WT"
0,100000,"128",3,0.08567227,31.6227766016838,"WT"
10,25462,"128",3,0.08567227,31.6227766016838,"WT"
20,3731,"128",3,0.08567227,31.6227766016838,"WT"
30,224,"128",3,0.08567227,31.6227766016838,"WT"
40,36,"128",3,0.08567227,31.6227766016838,"WT"
50,3,"128",3,0.08567227,31.6227766016838,"WT"
60,0,"128",3,0.08567227,31.6227766016838,"WT"
0,100000,"129",4,0.08319832,31.6227766016838,"WT"
10,21661,"129",4,0.08319832,31.6227766016838,"WT"
20,3774,"129",4,0.08319832,31.6227766016838,"WT"
30,162,"129",4,0.08319832,31.6227766016838,"WT"
40,27,"129",4,0.08319832,31.6227766016838,"WT"
50,1,"129",4,0.08319832,31.6227766016838,"WT"
60,0,"129",4,0.08319832,31.6227766016838,"WT"
0,100000,"130",5,0.0822,31.6227766016838,"WT"
10,19852,"130",5,0.0822,31.6227766016838,"WT"
20,3636,"130",5,0.0822,31.6227766016838,"WT"
30,171,"130",5,0.0822,31.6227766016838,"WT"
40,34,"130",5,0.0822,31.6227766016838,"WT"
50,0,"130",5,0.0822,31.6227766016838,"WT"
60,0,"130",5,0.0822,31.6227766016838,"WT"
0,100000,"131",1,0.1043,39.8107170553497,"WT"
10,48941,"131",1,0.1043,39.8107170553497,"WT"
20,7365,"131",1,0.1043,39.8107170553497,"WT"
30,1152,"131",1,0.1043,39.8107170553497,"WT"
40,232,"131",1,0.1043,39.8107170553497,"WT"
50,11,"131",1,0.1043,39.8107170553497,"WT"
60,3,"131",1,0.1043,39.8107170553497,"WT"
0,100000,"132",2,0.08951271,39.8107170553497,"WT"
10,30108,"132",2,0.08951271,39.8107170553497,"WT"
20,4033,"132",2,0.08951271,39.8107170553497,"WT"
30,295,"132",2,0.08951271,39.8107170553497,"WT"
40,62,"132",2,0.08951271,39.8107170553497,"WT"
50,2,"132",2,0.08951271,39.8107170553497,"WT"
60,0,"132",2,0.08951271,39.8107170553497,"WT"
0,100000,"133",3,0.08567227,39.8107170553497,"WT"
10,22126,"133",3,0.08567227,39.8107170553497,"WT"
20,3707,"133",3,0.08567227,39.8107170553497,"WT"
30,167,"133",3,0.08567227,39.8107170553497,"WT"
40,36,"133",3,0.08567227,39.8107170553497,"WT"
50,1,"133",3,0.08567227,39.8107170553497,"WT"
60,1,"133",3,0.08567227,39.8107170553497,"WT"
0,100000,"134",4,0.08319832,39.8107170553497,"WT"
10,18861,"134",4,0.08319832,39.8107170553497,"WT"
20,3752,"134",4,0.08319832,39.8107170553497,"WT"
30,140,"134",4,0.08319832,39.8107170553497,"WT"
40,23,"134",4,0.08319832,39.8107170553497,"WT"
50,0,"134",4,0.08319832,39.8107170553497,"WT"
60,0,"134",4,0.08319832,39.8107170553497,"WT"
0,100000,"135",5,0.0822,39.8107170553497,"WT"
10,17807,"135",5,0.0822,39.8107170553497,"WT"
20,3739,"135",5,0.0822,39.8107170553497,"WT"
30,102,"135",5,0.0822,39.8107170553497,"WT"
40,23,"135",5,0.0822,39.8107170553497,"WT"
50,2,"135",5,0.0822,39.8107170553497,"WT"
60,0,"135",5,0.0822,39.8107170553497,"WT"
0,100000,"136",1,0.1043,50.1187233627273,"WT"
10,42615,"136",1,0.1043,50.1187233627273,"WT"
20,5662,"136",1,0.1043,50.1187233627273,"WT"
30,733,"136",1,0.1043,50.1187233627273,"WT"
40,161,"136",1,0.1043,50.1187233627273,"WT"
50,8,"136",1,0.1043,50.1187233627273,"WT"
60,1,"136",1,0.1043,50.1187233627273,"WT"
0,100000,"137",2,0.08951271,50.1187233627273,"WT"
10,25610,"137",2,0.08951271,50.1187233627273,"WT"
20,3810,"137",2,0.08951271,50.1187233627273,"WT"
30,229,"137",2,0.08951271,50.1187233627273,"WT"
40,44,"137",2,0.08951271,50.1187233627273,"WT"
50,2,"137",2,0.08951271,50.1187233627273,"WT"
60,0,"137",2,0.08951271,50.1187233627273,"WT"
0,100000,"138",3,0.08567227,50.1187233627273,"WT"
10,19261,"138",3,0.08567227,50.1187233627273,"WT"
20,3670,"138",3,0.08567227,50.1187233627273,"WT"
30,134,"138",3,0.08567227,50.1187233627273,"WT"
40,24,"138",3,0.08567227,50.1187233627273,"WT"
50,0,"138",3,0.08567227,50.1187233627273,"WT"
60,0,"138",3,0.08567227,50.1187233627273,"WT"
0,100000,"139",4,0.08319832,50.1187233627273,"WT"
10,16953,"139",4,0.08319832,50.1187233627273,"WT"
20,3726,"139",4,0.08319832,50.1187233627273,"WT"
30,125,"139",4,0.08319832,50.1187233627273,"WT"
40,22,"139",4,0.08319832,50.1187233627273,"WT"
50,1,"139",4,0.08319832,50.1187233627273,"WT"
60,0,"139",4,0.08319832,50.1187233627273,"WT"
0,100000,"140",5,0.0822,50.1187233627273,"WT"
10,16003,"140",5,0.0822,50.1187233627273,"WT"
20,3707,"140",5,0.0822,50.1187233627273,"WT"
30,144,"140",5,0.0822,50.1187233627273,"WT"
40,27,"140",5,0.0822,50.1187233627273,"WT"
50,1,"140",5,0.0822,50.1187233627273,"WT"
60,0,"140",5,0.0822,50.1187233627273,"WT"
0,100000,"141",1,0.1043,63.0957344480194,"WT"
10,36626,"141",1,0.1043,63.0957344480194,"WT"
20,4701,"141",1,0.1043,63.0957344480194,"WT"
30,494,"141",1,0.1043,63.0957344480194,"WT"
40,100,"141",1,0.1043,63.0957344480194,"WT"
50,2,"141",1,0.1043,63.0957344480194,"WT"
60,0,"141",1,0.1043,63.0957344480194,"WT"
0,100000,"142",2,0.08951271,63.0957344480194,"WT"
10,22354,"142",2,0.08951271,63.0957344480194,"WT"
20,3780,"142",2,0.08951271,63.0957344480194,"WT"
30,197,"142",2,0.08951271,63.0957344480194,"WT"
40,42,"142",2,0.08951271,63.0957344480194,"WT"
50,1,"142",2,0.08951271,63.0957344480194,"WT"
60,0,"142",2,0.08951271,63.0957344480194,"WT"
0,100000,"143",3,0.08567227,63.0957344480194,"WT"
10,17539,"143",3,0.08567227,63.0957344480194,"WT"
20,3628,"143",3,0.08567227,63.0957344480194,"WT"
30,116,"143",3,0.08567227,63.0957344480194,"WT"
40,15,"143",3,0.08567227,63.0957344480194,"WT"
50,0,"143",3,0.08567227,63.0957344480194,"WT"
60,0,"143",3,0.08567227,63.0957344480194,"WT"
0,100000,"144",4,0.08319832,63.0957344480194,"WT"
10,15399,"144",4,0.08319832,63.0957344480194,"WT"
20,3532,"144",4,0.08319832,63.0957344480194,"WT"
30,118,"144",4,0.08319832,63.0957344480194,"WT"
40,21,"144",4,0.08319832,63.0957344480194,"WT"
50,0,"144",4,0.08319832,63.0957344480194,"WT"
60,0,"144",4,0.08319832,63.0957344480194,"WT"
0,100000,"145",5,0.0822,63.0957344480194,"WT"
10,14597,"145",5,0.0822,63.0957344480194,"WT"
20,3433,"145",5,0.0822,63.0957344480194,"WT"
30,83,"145",5,0.0822,63.0957344480194,"WT"
40,14,"145",5,0.0822,63.0957344480194,"WT"
50,1,"145",5,0.0822,63.0957344480194,"WT"
60,0,"145",5,0.0822,63.0957344480194,"WT"
0,100000,"146",1,0.1043,79.4328234724282,"WT"
10,31554,"146",1,0.1043,79.4328234724282,"WT"
20,4170,"146",1,0.1043,79.4328234724282,"WT"
30,350,"146",1,0.1043,79.4328234724282,"WT"
40,63,"146",1,0.1043,79.4328234724282,"WT"
50,0,"146",1,0.1043,79.4328234724282,"WT"
60,0,"146",1,0.1043,79.4328234724282,"WT"
0,100000,"147",2,0.08951271,79.4328234724282,"WT"
10,19736,"147",2,0.08951271,79.4328234724282,"WT"
20,3740,"147",2,0.08951271,79.4328234724282,"WT"
30,152,"147",2,0.08951271,79.4328234724282,"WT"
40,32,"147",2,0.08951271,79.4328234724282,"WT"
50,0,"147",2,0.08951271,79.4328234724282,"WT"
60,0,"147",2,0.08951271,79.4328234724282,"WT"
0,100000,"148",3,0.08567227,79.4328234724282,"WT"
10,16003,"148",3,0.08567227,79.4328234724282,"WT"
20,3603,"148",3,0.08567227,79.4328234724282,"WT"
30,130,"148",3,0.08567227,79.4328234724282,"WT"
40,26,"148",3,0.08567227,79.4328234724282,"WT"
50,1,"148",3,0.08567227,79.4328234724282,"WT"
60,0,"148",3,0.08567227,79.4328234724282,"WT"
0,100000,"149",4,0.08319832,79.4328234724282,"WT"
10,14462,"149",4,0.08319832,79.4328234724282,"WT"
20,3631,"149",4,0.08319832,79.4328234724282,"WT"
30,109,"149",4,0.08319832,79.4328234724282,"WT"
40,27,"149",4,0.08319832,79.4328234724282,"WT"
50,1,"149",4,0.08319832,79.4328234724282,"WT"
60,0,"149",4,0.08319832,79.4328234724282,"WT"
0,100000,"150",5,0.0822,79.4328234724282,"WT"
10,13954,"150",5,0.0822,79.4328234724282,"WT"
20,3575,"150",5,0.0822,79.4328234724282,"WT"
30,124,"150",5,0.0822,79.4328234724282,"WT"
40,17,"150",5,0.0822,79.4328234724282,"WT"
50,1,"150",5,0.0822,79.4328234724282,"WT"
60,0,"150",5,0.0822,79.4328234724282,"WT"
0,100000,"151",1,0.1043,100,"WT"
10,27199,"151",1,0.1043,100,"WT"
20,3893,"151",1,0.1043,100,"WT"
30,284,"151",1,0.1043,100,"WT"
40,68,"151",1,0.1043,100,"WT"
50,6,"151",1,0.1043,100,"WT"
60,0,"151",1,0.1043,100,"WT"
0,100000,"152",2,0.08951271,100,"WT"
10,17678,"152",2,0.08951271,100,"WT"
20,3681,"152",2,0.08951271,100,"WT"
30,149,"152",2,0.08951271,100,"WT"
40,28,"152",2,0.08951271,100,"WT"
50,0,"152",2,0.08951271,100,"WT"
60,0,"152",2,0.08951271,100,"WT"
0,100000,"153",3,0.08567227,100,"WT"
10,14616,"153",3,0.08567227,100,"WT"
20,3494,"153",3,0.08567227,100,"WT"
30,106,"153",3,0.08567227,100,"WT"
40,16,"153",3,0.08567227,100,"WT"
50,1,"153",3,0.08567227,100,"WT"
60,0,"153",3,0.08567227,100,"WT"
0,100000,"154",4,0.08319832,100,"WT"
10,13301,"154",4,0.08319832,100,"WT"
20,3419,"154",4,0.08319832,100,"WT"
30,98,"154",4,0.08319832,100,"WT"
40,23,"154",4,0.08319832,100,"WT"
50,1,"154",4,0.08319832,100,"WT"
60,1,"154",4,0.08319832,100,"WT"
0,100000,"155",5,0.0822,100,"WT"
10,12806,"155",5,0.0822,100,"WT"
20,3327,"155",5,0.0822,100,"WT"
30,62,"155",5,0.0822,100,"WT"
40,18,"155",5,0.0822,100,"WT"
50,0,"155",5,0.0822,100,"WT"
60,0,"155",5,0.0822,100,"WT"
