"sample.time","num.cells","parameter.index","kappa","MIC.fraction","drug.outsideConcentration.MULT","cell.type"
0,100000,"1",1,0.349697,0.1,"WT"
10,99702,"1",1,0.349697,0.1,"WT"
20,100196,"1",1,0.349697,0.1,"WT"
30,195761,"1",1,0.349697,0.1,"WT"
40,193336,"1",1,0.349697,0.1,"WT"
50,380505,"1",1,0.349697,0.1,"WT"
60,374376,"1",1,0.349697,0.1,"WT"
0,100000,"2",2,0.3185616,0.1,"WT"
10,99994,"2",2,0.3185616,0.1,"WT"
20,101249,"2",2,0.3185616,0.1,"WT"
30,199740,"2",2,0.3185616,0.1,"WT"
40,199664,"2",2,0.3185616,0.1,"WT"
50,398175,"2",2,0.3185616,0.1,"WT"
60,397664,"2",2,0.3185616,0.1,"WT"
0,100000,"3",5,0.3003958,0.1,"WT"
10,100000,"3",5,0.3003958,0.1,"WT"
20,101349,"3",5,0.3003958,0.1,"WT"
30,200000,"3",5,0.3003958,0.1,"WT"
40,200170,"3",5,0.3003958,0.1,"WT"
50,399853,"3",5,0.3003958,0.1,"WT"
60,400026,"3",5,0.3003958,0.1,"WT"
0,100000,"4",10,0.2956701,0.1,"WT"
10,100000,"4",10,0.2956701,0.1,"WT"
20,101389,"4",10,0.2956701,0.1,"WT"
30,200000,"4",10,0.2956701,0.1,"WT"
40,200178,"4",10,0.2956701,0.1,"WT"
50,399838,"4",10,0.2956701,0.1,"WT"
60,400020,"4",10,0.2956701,0.1,"WT"
0,100000,"5",20,0.28002,0.1,"WT"
10,100000,"5",20,0.28002,0.1,"WT"
20,101301,"5",20,0.28002,0.1,"WT"
30,200000,"5",20,0.28002,0.1,"WT"
40,200166,"5",20,0.28002,0.1,"WT"
50,399827,"5",20,0.28002,0.1,"WT"
60,400025,"5",20,0.28002,0.1,"WT"
0,100000,"6",1,0.349697,0.125892541179417,"WT"
10,99655,"6",1,0.349697,0.125892541179417,"WT"
20,100056,"6",1,0.349697,0.125892541179417,"WT"
30,194640,"6",1,0.349697,0.125892541179417,"WT"
40,191549,"6",1,0.349697,0.125892541179417,"WT"
50,375113,"6",1,0.349697,0.125892541179417,"WT"
60,367435,"6",1,0.349697,0.125892541179417,"WT"
0,100000,"7",2,0.3185616,0.125892541179417,"WT"
10,99991,"7",2,0.3185616,0.125892541179417,"WT"
20,101251,"7",2,0.3185616,0.125892541179417,"WT"
30,199613,"7",2,0.3185616,0.125892541179417,"WT"
40,199384,"7",2,0.3185616,0.125892541179417,"WT"
50,397123,"7",2,0.3185616,0.125892541179417,"WT"
60,396145,"7",2,0.3185616,0.125892541179417,"WT"
0,100000,"8",5,0.3003958,0.125892541179417,"WT"
10,100000,"8",5,0.3003958,0.125892541179417,"WT"
20,101262,"8",5,0.3003958,0.125892541179417,"WT"
30,200000,"8",5,0.3003958,0.125892541179417,"WT"
40,200159,"8",5,0.3003958,0.125892541179417,"WT"
50,399845,"8",5,0.3003958,0.125892541179417,"WT"
60,400015,"8",5,0.3003958,0.125892541179417,"WT"
0,100000,"9",10,0.2956701,0.125892541179417,"WT"
10,100000,"9",10,0.2956701,0.125892541179417,"WT"
20,101337,"9",10,0.2956701,0.125892541179417,"WT"
30,200000,"9",10,0.2956701,0.125892541179417,"WT"
40,200157,"9",10,0.2956701,0.125892541179417,"WT"
50,399836,"9",10,0.2956701,0.125892541179417,"WT"
60,400027,"9",10,0.2956701,0.125892541179417,"WT"
0,100000,"10",20,0.28002,0.125892541179417,"WT"
10,100000,"10",20,0.28002,0.125892541179417,"WT"
20,101312,"10",20,0.28002,0.125892541179417,"WT"
30,200000,"10",20,0.28002,0.125892541179417,"WT"
40,200176,"10",20,0.28002,0.125892541179417,"WT"
50,399828,"10",20,0.28002,0.125892541179417,"WT"
60,400021,"10",20,0.28002,0.125892541179417,"WT"
0,100000,"11",1,0.349697,0.158489319246111,"WT"
10,99537,"11",1,0.349697,0.158489319246111,"WT"
20,99702,"11",1,0.349697,0.158489319246111,"WT"
30,193354,"11",1,0.349697,0.158489319246111,"WT"
40,189434,"11",1,0.349697,0.158489319246111,"WT"
50,369212,"11",1,0.349697,0.158489319246111,"WT"
60,359667,"11",1,0.349697,0.158489319246111,"WT"
0,100000,"12",2,0.3185616,0.158489319246111,"WT"
10,99986,"12",2,0.3185616,0.158489319246111,"WT"
20,101184,"12",2,0.3185616,0.158489319246111,"WT"
30,199356,"12",2,0.3185616,0.158489319246111,"WT"
40,198863,"12",2,0.3185616,0.158489319246111,"WT"
50,395578,"12",2,0.3185616,0.158489319246111,"WT"
60,393867,"12",2,0.3185616,0.158489319246111,"WT"
0,100000,"13",5,0.3003958,0.158489319246111,"WT"
10,100000,"13",5,0.3003958,0.158489319246111,"WT"
20,101325,"13",5,0.3003958,0.158489319246111,"WT"
30,200000,"13",5,0.3003958,0.158489319246111,"WT"
40,200171,"13",5,0.3003958,0.158489319246111,"WT"
50,399833,"13",5,0.3003958,0.158489319246111,"WT"
60,400021,"13",5,0.3003958,0.158489319246111,"WT"
0,100000,"14",10,0.2956701,0.158489319246111,"WT"
10,100000,"14",10,0.2956701,0.158489319246111,"WT"
20,101322,"14",10,0.2956701,0.158489319246111,"WT"
30,200000,"14",10,0.2956701,0.158489319246111,"WT"
40,200155,"14",10,0.2956701,0.158489319246111,"WT"
50,399844,"14",10,0.2956701,0.158489319246111,"WT"
60,400022,"14",10,0.2956701,0.158489319246111,"WT"
0,100000,"15",20,0.28002,0.158489319246111,"WT"
10,100000,"15",20,0.28002,0.158489319246111,"WT"
20,101356,"15",20,0.28002,0.158489319246111,"WT"
30,200000,"15",20,0.28002,0.158489319246111,"WT"
40,200189,"15",20,0.28002,0.158489319246111,"WT"
50,399827,"15",20,0.28002,0.158489319246111,"WT"
60,400020,"15",20,0.28002,0.158489319246111,"WT"
0,100000,"16",1,0.349697,0.199526231496888,"WT"
10,99418,"16",1,0.349697,0.199526231496888,"WT"
20,99133,"16",1,0.349697,0.199526231496888,"WT"
30,191601,"16",1,0.349697,0.199526231496888,"WT"
40,186652,"16",1,0.349697,0.199526231496888,"WT"
50,361133,"16",1,0.349697,0.199526231496888,"WT"
60,349389,"16",1,0.349697,0.199526231496888,"WT"
0,100000,"17",2,0.3185616,0.199526231496888,"WT"
10,99966,"17",2,0.3185616,0.199526231496888,"WT"
20,101046,"17",2,0.3185616,0.199526231496888,"WT"
30,198940,"17",2,0.3185616,0.199526231496888,"WT"
40,198149,"17",2,0.3185616,0.199526231496888,"WT"
50,393240,"17",2,0.3185616,0.199526231496888,"WT"
60,390558,"17",2,0.3185616,0.199526231496888,"WT"
0,100000,"18",5,0.3003958,0.199526231496888,"WT"
10,100000,"18",5,0.3003958,0.199526231496888,"WT"
20,101305,"18",5,0.3003958,0.199526231496888,"WT"
30,200000,"18",5,0.3003958,0.199526231496888,"WT"
40,200152,"18",5,0.3003958,0.199526231496888,"WT"
50,399810,"18",5,0.3003958,0.199526231496888,"WT"
60,399987,"18",5,0.3003958,0.199526231496888,"WT"
0,100000,"19",10,0.2956701,0.199526231496888,"WT"
10,100000,"19",10,0.2956701,0.199526231496888,"WT"
20,101335,"19",10,0.2956701,0.199526231496888,"WT"
30,200000,"19",10,0.2956701,0.199526231496888,"WT"
40,200198,"19",10,0.2956701,0.199526231496888,"WT"
50,399830,"19",10,0.2956701,0.199526231496888,"WT"
60,400019,"19",10,0.2956701,0.199526231496888,"WT"
0,100000,"20",20,0.28002,0.199526231496888,"WT"
10,100000,"20",20,0.28002,0.199526231496888,"WT"
20,101370,"20",20,0.28002,0.199526231496888,"WT"
30,200000,"20",20,0.28002,0.199526231496888,"WT"
40,200160,"20",20,0.28002,0.199526231496888,"WT"
50,399810,"20",20,0.28002,0.199526231496888,"WT"
60,400028,"20",20,0.28002,0.199526231496888,"WT"
0,100000,"21",1,0.349697,0.251188643150958,"WT"
10,99287,"21",1,0.349697,0.251188643150958,"WT"
20,98724,"21",1,0.349697,0.251188643150958,"WT"
30,189575,"21",1,0.349697,0.251188643150958,"WT"
40,183487,"21",1,0.349697,0.251188643150958,"WT"
50,351727,"21",1,0.349697,0.251188643150958,"WT"
60,337098,"21",1,0.349697,0.251188643150958,"WT"
0,100000,"22",2,0.3185616,0.251188643150958,"WT"
10,99967,"22",2,0.3185616,0.251188643150958,"WT"
20,101038,"22",2,0.3185616,0.251188643150958,"WT"
30,198426,"22",2,0.3185616,0.251188643150958,"WT"
40,197083,"22",2,0.3185616,0.251188643150958,"WT"
50,389579,"22",2,0.3185616,0.251188643150958,"WT"
60,385091,"22",2,0.3185616,0.251188643150958,"WT"
0,100000,"23",5,0.3003958,0.251188643150958,"WT"
10,100000,"23",5,0.3003958,0.251188643150958,"WT"
20,101339,"23",5,0.3003958,0.251188643150958,"WT"
30,199997,"23",5,0.3003958,0.251188643150958,"WT"
40,200176,"23",5,0.3003958,0.251188643150958,"WT"
50,399777,"23",5,0.3003958,0.251188643150958,"WT"
60,399914,"23",5,0.3003958,0.251188643150958,"WT"
0,100000,"24",10,0.2956701,0.251188643150958,"WT"
10,100000,"24",10,0.2956701,0.251188643150958,"WT"
20,101259,"24",10,0.2956701,0.251188643150958,"WT"
30,200000,"24",10,0.2956701,0.251188643150958,"WT"
40,200179,"24",10,0.2956701,0.251188643150958,"WT"
50,399818,"24",10,0.2956701,0.251188643150958,"WT"
60,400025,"24",10,0.2956701,0.251188643150958,"WT"
0,100000,"25",20,0.28002,0.251188643150958,"WT"
10,100000,"25",20,0.28002,0.251188643150958,"WT"
20,101328,"25",20,0.28002,0.251188643150958,"WT"
30,200000,"25",20,0.28002,0.251188643150958,"WT"
40,200170,"25",20,0.28002,0.251188643150958,"WT"
50,399844,"25",20,0.28002,0.251188643150958,"WT"
60,400030,"25",20,0.28002,0.251188643150958,"WT"
0,100000,"26",1,0.349697,0.316227766016838,"WT"
10,99089,"26",1,0.349697,0.316227766016838,"WT"
20,97974,"26",1,0.349697,0.316227766016838,"WT"
30,186603,"26",1,0.349697,0.316227766016838,"WT"
40,178918,"26",1,0.349697,0.316227766016838,"WT"
50,339265,"26",1,0.349697,0.316227766016838,"WT"
60,321462,"26",1,0.349697,0.316227766016838,"WT"
0,100000,"27",2,0.3185616,0.316227766016838,"WT"
10,99932,"27",2,0.3185616,0.316227766016838,"WT"
20,100778,"27",2,0.3185616,0.316227766016838,"WT"
30,197367,"27",2,0.3185616,0.316227766016838,"WT"
40,195071,"27",2,0.3185616,0.316227766016838,"WT"
50,383123,"27",2,0.3185616,0.316227766016838,"WT"
60,376219,"27",2,0.3185616,0.316227766016838,"WT"
0,100000,"28",5,0.3003958,0.316227766016838,"WT"
10,100000,"28",5,0.3003958,0.316227766016838,"WT"
20,101284,"28",5,0.3003958,0.316227766016838,"WT"
30,199985,"28",5,0.3003958,0.316227766016838,"WT"
40,200114,"28",5,0.3003958,0.316227766016838,"WT"
50,399633,"28",5,0.3003958,0.316227766016838,"WT"
60,399675,"28",5,0.3003958,0.316227766016838,"WT"
0,100000,"29",10,0.2956701,0.316227766016838,"WT"
10,100000,"29",10,0.2956701,0.316227766016838,"WT"
20,101298,"29",10,0.2956701,0.316227766016838,"WT"
30,200000,"29",10,0.2956701,0.316227766016838,"WT"
40,200161,"29",10,0.2956701,0.316227766016838,"WT"
50,399828,"29",10,0.2956701,0.316227766016838,"WT"
60,400026,"29",10,0.2956701,0.316227766016838,"WT"
0,100000,"30",20,0.28002,0.316227766016838,"WT"
10,100000,"30",20,0.28002,0.316227766016838,"WT"
20,101291,"30",20,0.28002,0.316227766016838,"WT"
30,200000,"30",20,0.28002,0.316227766016838,"WT"
40,200172,"30",20,0.28002,0.316227766016838,"WT"
50,399834,"30",20,0.28002,0.316227766016838,"WT"
60,400024,"30",20,0.28002,0.316227766016838,"WT"
0,100000,"31",1,0.349697,0.398107170553497,"WT"
10,98863,"31",1,0.349697,0.398107170553497,"WT"
20,97212,"31",1,0.349697,0.398107170553497,"WT"
30,183355,"31",1,0.349697,0.398107170553497,"WT"
40,173606,"31",1,0.349697,0.398107170553497,"WT"
50,324227,"31",1,0.349697,0.398107170553497,"WT"
60,302779,"31",1,0.349697,0.398107170553497,"WT"
0,100000,"32",2,0.3185616,0.398107170553497,"WT"
10,99887,"32",2,0.3185616,0.398107170553497,"WT"
20,100525,"32",2,0.3185616,0.398107170553497,"WT"
30,195876,"32",2,0.3185616,0.398107170553497,"WT"
40,192359,"32",2,0.3185616,0.398107170553497,"WT"
50,374391,"32",2,0.3185616,0.398107170553497,"WT"
60,363877,"32",2,0.3185616,0.398107170553497,"WT"
0,100000,"33",5,0.3003958,0.398107170553497,"WT"
10,100000,"33",5,0.3003958,0.398107170553497,"WT"
20,101321,"33",5,0.3003958,0.398107170553497,"WT"
30,199974,"33",5,0.3003958,0.398107170553497,"WT"
40,200083,"33",5,0.3003958,0.398107170553497,"WT"
50,399268,"33",5,0.3003958,0.398107170553497,"WT"
60,398976,"33",5,0.3003958,0.398107170553497,"WT"
0,100000,"34",10,0.2956701,0.398107170553497,"WT"
10,100000,"34",10,0.2956701,0.398107170553497,"WT"
20,101305,"34",10,0.2956701,0.398107170553497,"WT"
30,200000,"34",10,0.2956701,0.398107170553497,"WT"
40,200172,"34",10,0.2956701,0.398107170553497,"WT"
50,399832,"34",10,0.2956701,0.398107170553497,"WT"
60,400020,"34",10,0.2956701,0.398107170553497,"WT"
0,100000,"35",20,0.28002,0.398107170553497,"WT"
10,100000,"35",20,0.28002,0.398107170553497,"WT"
20,101196,"35",20,0.28002,0.398107170553497,"WT"
30,200000,"35",20,0.28002,0.398107170553497,"WT"
40,200174,"35",20,0.28002,0.398107170553497,"WT"
50,399850,"35",20,0.28002,0.398107170553497,"WT"
60,400026,"35",20,0.28002,0.398107170553497,"WT"
0,100000,"36",1,0.349697,0.501187233627272,"WT"
10,98654,"36",1,0.349697,0.501187233627272,"WT"
20,96107,"36",1,0.349697,0.501187233627272,"WT"
30,179180,"36",1,0.349697,0.501187233627272,"WT"
40,167161,"36",1,0.349697,0.501187233627272,"WT"
50,306832,"36",1,0.349697,0.501187233627272,"WT"
60,281020,"36",1,0.349697,0.501187233627272,"WT"
0,100000,"37",2,0.3185616,0.501187233627272,"WT"
10,99835,"37",2,0.3185616,0.501187233627272,"WT"
20,100038,"37",2,0.3185616,0.501187233627272,"WT"
30,193609,"37",2,0.3185616,0.501187233627272,"WT"
40,188112,"37",2,0.3185616,0.501187233627272,"WT"
50,360277,"37",2,0.3185616,0.501187233627272,"WT"
60,344214,"37",2,0.3185616,0.501187233627272,"WT"
0,100000,"38",5,0.3003958,0.501187233627272,"WT"
10,100000,"38",5,0.3003958,0.501187233627272,"WT"
20,101298,"38",5,0.3003958,0.501187233627272,"WT"
30,199883,"38",5,0.3003958,0.501187233627272,"WT"
40,199797,"38",5,0.3003958,0.501187233627272,"WT"
50,397982,"38",5,0.3003958,0.501187233627272,"WT"
60,396682,"38",5,0.3003958,0.501187233627272,"WT"
0,100000,"39",10,0.2956701,0.501187233627272,"WT"
10,100000,"39",10,0.2956701,0.501187233627272,"WT"
20,101293,"39",10,0.2956701,0.501187233627272,"WT"
30,200000,"39",10,0.2956701,0.501187233627272,"WT"
40,200163,"39",10,0.2956701,0.501187233627272,"WT"
50,399799,"39",10,0.2956701,0.501187233627272,"WT"
60,400004,"39",10,0.2956701,0.501187233627272,"WT"
0,100000,"40",20,0.28002,0.501187233627272,"WT"
10,100000,"40",20,0.28002,0.501187233627272,"WT"
20,101363,"40",20,0.28002,0.501187233627272,"WT"
30,200000,"40",20,0.28002,0.501187233627272,"WT"
40,200173,"40",20,0.28002,0.501187233627272,"WT"
50,399832,"40",20,0.28002,0.501187233627272,"WT"
60,400015,"40",20,0.28002,0.501187233627272,"WT"
0,100000,"41",1,0.349697,0.630957344480193,"WT"
10,98240,"41",1,0.349697,0.630957344480193,"WT"
20,94784,"41",1,0.349697,0.630957344480193,"WT"
30,173920,"41",1,0.349697,0.630957344480193,"WT"
40,159026,"41",1,0.349697,0.630957344480193,"WT"
50,285167,"41",1,0.349697,0.630957344480193,"WT"
60,254544,"41",1,0.349697,0.630957344480193,"WT"
0,100000,"42",2,0.3185616,0.630957344480193,"WT"
10,99692,"42",2,0.3185616,0.630957344480193,"WT"
20,99484,"42",2,0.3185616,0.630957344480193,"WT"
30,189985,"42",2,0.3185616,0.630957344480193,"WT"
40,181098,"42",2,0.3185616,0.630957344480193,"WT"
50,338527,"42",2,0.3185616,0.630957344480193,"WT"
60,315081,"42",2,0.3185616,0.630957344480193,"WT"
0,100000,"43",5,0.3003958,0.630957344480193,"WT"
10,100000,"43",5,0.3003958,0.630957344480193,"WT"
20,101252,"43",5,0.3003958,0.630957344480193,"WT"
30,199616,"43",5,0.3003958,0.630957344480193,"WT"
40,198925,"43",5,0.3003958,0.630957344480193,"WT"
50,393757,"43",5,0.3003958,0.630957344480193,"WT"
60,389454,"43",5,0.3003958,0.630957344480193,"WT"
0,100000,"44",10,0.2956701,0.630957344480193,"WT"
10,100000,"44",10,0.2956701,0.630957344480193,"WT"
20,101313,"44",10,0.2956701,0.630957344480193,"WT"
30,199999,"44",10,0.2956701,0.630957344480193,"WT"
40,200165,"44",10,0.2956701,0.630957344480193,"WT"
50,399693,"44",10,0.2956701,0.630957344480193,"WT"
60,399711,"44",10,0.2956701,0.630957344480193,"WT"
0,100000,"45",20,0.28002,0.630957344480193,"WT"
10,100000,"45",20,0.28002,0.630957344480193,"WT"
20,101252,"45",20,0.28002,0.630957344480193,"WT"
30,200000,"45",20,0.28002,0.630957344480193,"WT"
40,200144,"45",20,0.28002,0.630957344480193,"WT"
50,399825,"45",20,0.28002,0.630957344480193,"WT"
60,400026,"45",20,0.28002,0.630957344480193,"WT"
0,100000,"46",1,0.349697,0.794328234724281,"WT"
10,97750,"46",1,0.349697,0.794328234724281,"WT"
20,92977,"46",1,0.349697,0.794328234724281,"WT"
30,167313,"46",1,0.349697,0.794328234724281,"WT"
40,149369,"46",1,0.349697,0.794328234724281,"WT"
50,259105,"46",1,0.349697,0.794328234724281,"WT"
60,223909,"46",1,0.349697,0.794328234724281,"WT"
0,100000,"47",2,0.3185616,0.794328234724281,"WT"
10,99571,"47",2,0.3185616,0.794328234724281,"WT"
20,98337,"47",2,0.3185616,0.794328234724281,"WT"
30,184612,"47",2,0.3185616,0.794328234724281,"WT"
40,171382,"47",2,0.3185616,0.794328234724281,"WT"
50,308693,"47",2,0.3185616,0.794328234724281,"WT"
60,275453,"47",2,0.3185616,0.794328234724281,"WT"
0,100000,"48",5,0.3003958,0.794328234724281,"WT"
10,99999,"48",5,0.3003958,0.794328234724281,"WT"
20,101330,"48",5,0.3003958,0.794328234724281,"WT"
30,198675,"48",5,0.3003958,0.794328234724281,"WT"
40,196289,"48",5,0.3003958,0.794328234724281,"WT"
50,381416,"48",5,0.3003958,0.794328234724281,"WT"
60,368141,"48",5,0.3003958,0.794328234724281,"WT"
0,100000,"49",10,0.2956701,0.794328234724281,"WT"
10,100000,"49",10,0.2956701,0.794328234724281,"WT"
20,101313,"49",10,0.2956701,0.794328234724281,"WT"
30,199984,"49",10,0.2956701,0.794328234724281,"WT"
40,200033,"49",10,0.2956701,0.794328234724281,"WT"
50,398488,"49",10,0.2956701,0.794328234724281,"WT"
60,396855,"49",10,0.2956701,0.794328234724281,"WT"
0,100000,"50",20,0.28002,0.794328234724281,"WT"
10,100000,"50",20,0.28002,0.794328234724281,"WT"
20,101287,"50",20,0.28002,0.794328234724281,"WT"
30,200000,"50",20,0.28002,0.794328234724281,"WT"
40,200158,"50",20,0.28002,0.794328234724281,"WT"
50,399777,"50",20,0.28002,0.794328234724281,"WT"
60,399935,"50",20,0.28002,0.794328234724281,"WT"
0,100000,"51",1,0.349697,1,"WT"
10,97177,"51",1,0.349697,1,"WT"
20,90993,"51",1,0.349697,1,"WT"
30,159417,"51",1,0.349697,1,"WT"
40,137382,"51",1,0.349697,1,"WT"
50,227981,"51",1,0.349697,1,"WT"
60,188315,"51",1,0.349697,1,"WT"
0,100000,"52",2,0.3185616,1,"WT"
10,99291,"52",2,0.3185616,1,"WT"
20,96691,"52",2,0.3185616,1,"WT"
30,176005,"52",2,0.3185616,1,"WT"
40,156358,"52",2,0.3185616,1,"WT"
50,265739,"52",2,0.3185616,1,"WT"
60,222578,"52",2,0.3185616,1,"WT"
0,100000,"53",5,0.3003958,1,"WT"
10,99988,"53",5,0.3003958,1,"WT"
20,100936,"53",5,0.3003958,1,"WT"
30,196194,"53",5,0.3003958,1,"WT"
40,188517,"53",5,0.3003958,1,"WT"
50,345660,"53",5,0.3003958,1,"WT"
60,309817,"53",5,0.3003958,1,"WT"
0,100000,"54",10,0.2956701,1,"WT"
10,100000,"54",10,0.2956701,1,"WT"
20,101241,"54",10,0.2956701,1,"WT"
30,199772,"54",10,0.2956701,1,"WT"
40,198729,"54",10,0.2956701,1,"WT"
50,386839,"54",10,0.2956701,1,"WT"
60,370183,"54",10,0.2956701,1,"WT"
0,100000,"55",20,0.28002,1,"WT"
10,100000,"55",20,0.28002,1,"WT"
20,101247,"55",20,0.28002,1,"WT"
30,199998,"55",20,0.28002,1,"WT"
40,200087,"55",20,0.28002,1,"WT"
50,397194,"55",20,0.28002,1,"WT"
60,390338,"55",20,0.28002,1,"WT"
0,100000,"56",1,0.349697,1.25892541179417,"WT"
10,96457,"56",1,0.349697,1.25892541179417,"WT"
20,88248,"56",1,0.349697,1.25892541179417,"WT"
30,149304,"56",1,0.349697,1.25892541179417,"WT"
40,122884,"56",1,0.349697,1.25892541179417,"WT"
50,192493,"56",1,0.349697,1.25892541179417,"WT"
60,149272,"56",1,0.349697,1.25892541179417,"WT"
0,100000,"57",2,0.3185616,1.25892541179417,"WT"
10,98904,"57",2,0.3185616,1.25892541179417,"WT"
20,94003,"57",2,0.3185616,1.25892541179417,"WT"
30,163584,"57",2,0.3185616,1.25892541179417,"WT"
40,136433,"57",2,0.3185616,1.25892541179417,"WT"
50,211346,"57",2,0.3185616,1.25892541179417,"WT"
60,160343,"57",2,0.3185616,1.25892541179417,"WT"
0,100000,"58",5,0.3003958,1.25892541179417,"WT"
10,99973,"58",5,0.3003958,1.25892541179417,"WT"
20,100387,"58",5,0.3003958,1.25892541179417,"WT"
30,188562,"58",5,0.3003958,1.25892541179417,"WT"
40,167195,"58",5,0.3003958,1.25892541179417,"WT"
50,261209,"58",5,0.3003958,1.25892541179417,"WT"
60,192344,"58",5,0.3003958,1.25892541179417,"WT"
0,100000,"59",10,0.2956701,1.25892541179417,"WT"
10,100000,"59",10,0.2956701,1.25892541179417,"WT"
20,101354,"59",10,0.2956701,1.25892541179417,"WT"
30,198110,"59",10,0.2956701,1.25892541179417,"WT"
40,187013,"59",10,0.2956701,1.25892541179417,"WT"
50,297774,"59",10,0.2956701,1.25892541179417,"WT"
60,208723,"59",10,0.2956701,1.25892541179417,"WT"
0,100000,"60",20,0.28002,1.25892541179417,"WT"
10,100000,"60",20,0.28002,1.25892541179417,"WT"
20,101360,"60",20,0.28002,1.25892541179417,"WT"
30,199776,"60",20,0.28002,1.25892541179417,"WT"
40,192412,"60",20,0.28002,1.25892541179417,"WT"
50,251349,"60",20,0.28002,1.25892541179417,"WT"
60,110627,"60",20,0.28002,1.25892541179417,"WT"
0,100000,"61",1,0.349697,1.58489319246111,"WT"
10,95465,"61",1,0.349697,1.58489319246111,"WT"
20,84584,"61",1,0.349697,1.58489319246111,"WT"
30,136366,"61",1,0.349697,1.58489319246111,"WT"
40,105551,"61",1,0.349697,1.58489319246111,"WT"
50,152247,"61",1,0.349697,1.58489319246111,"WT"
60,108334,"61",1,0.349697,1.58489319246111,"WT"
0,100000,"62",2,0.3185616,1.58489319246111,"WT"
10,98298,"62",2,0.3185616,1.58489319246111,"WT"
20,90359,"62",2,0.3185616,1.58489319246111,"WT"
30,146563,"62",2,0.3185616,1.58489319246111,"WT"
40,110387,"62",2,0.3185616,1.58489319246111,"WT"
50,149266,"62",2,0.3185616,1.58489319246111,"WT"
60,97836,"62",2,0.3185616,1.58489319246111,"WT"
0,100000,"63",5,0.3003958,1.58489319246111,"WT"
10,99909,"63",5,0.3003958,1.58489319246111,"WT"
20,98257,"63",5,0.3003958,1.58489319246111,"WT"
30,167306,"63",5,0.3003958,1.58489319246111,"WT"
40,119599,"63",5,0.3003958,1.58489319246111,"WT"
50,129884,"63",5,0.3003958,1.58489319246111,"WT"
60,62543,"63",5,0.3003958,1.58489319246111,"WT"
0,100000,"64",10,0.2956701,1.58489319246111,"WT"
10,99999,"64",10,0.2956701,1.58489319246111,"WT"
20,100837,"64",10,0.2956701,1.58489319246111,"WT"
30,182239,"64",10,0.2956701,1.58489319246111,"WT"
40,118282,"64",10,0.2956701,1.58489319246111,"WT"
50,80240,"64",10,0.2956701,1.58489319246111,"WT"
60,21273,"64",10,0.2956701,1.58489319246111,"WT"
0,100000,"65",20,0.28002,1.58489319246111,"WT"
10,100000,"65",20,0.28002,1.58489319246111,"WT"
20,101297,"65",20,0.28002,1.58489319246111,"WT"
30,182168,"65",20,0.28002,1.58489319246111,"WT"
40,67938,"65",20,0.28002,1.58489319246111,"WT"
50,21032,"65",20,0.28002,1.58489319246111,"WT"
60,3016,"65",20,0.28002,1.58489319246111,"WT"
0,100000,"66",1,0.349697,1.99526231496888,"WT"
10,94243,"66",1,0.349697,1.99526231496888,"WT"
20,80204,"66",1,0.349697,1.99526231496888,"WT"
30,120986,"66",1,0.349697,1.99526231496888,"WT"
40,85317,"66",1,0.349697,1.99526231496888,"WT"
50,109279,"66",1,0.349697,1.99526231496888,"WT"
60,68148,"66",1,0.349697,1.99526231496888,"WT"
0,100000,"67",2,0.3185616,1.99526231496888,"WT"
10,97240,"67",2,0.3185616,1.99526231496888,"WT"
20,84543,"67",2,0.3185616,1.99526231496888,"WT"
30,123377,"67",2,0.3185616,1.99526231496888,"WT"
40,80182,"67",2,0.3185616,1.99526231496888,"WT"
50,88597,"67",2,0.3185616,1.99526231496888,"WT"
60,46736,"67",2,0.3185616,1.99526231496888,"WT"
0,100000,"68",5,0.3003958,1.99526231496888,"WT"
10,99726,"68",5,0.3003958,1.99526231496888,"WT"
20,92503,"68",5,0.3003958,1.99526231496888,"WT"
30,122781,"68",5,0.3003958,1.99526231496888,"WT"
40,57617,"68",5,0.3003958,1.99526231496888,"WT"
50,35499,"68",5,0.3003958,1.99526231496888,"WT"
60,9934,"68",5,0.3003958,1.99526231496888,"WT"
0,100000,"69",10,0.2956701,1.99526231496888,"WT"
10,99992,"69",10,0.2956701,1.99526231496888,"WT"
20,97021,"69",10,0.2956701,1.99526231496888,"WT"
30,107566,"69",10,0.2956701,1.99526231496888,"WT"
40,28800,"69",10,0.2956701,1.99526231496888,"WT"
50,8708,"69",10,0.2956701,1.99526231496888,"WT"
60,1311,"69",10,0.2956701,1.99526231496888,"WT"
0,100000,"70",20,0.28002,1.99526231496888,"WT"
10,100000,"70",20,0.28002,1.99526231496888,"WT"
20,97447,"70",20,0.28002,1.99526231496888,"WT"
30,55061,"70",20,0.28002,1.99526231496888,"WT"
40,10829,"70",20,0.28002,1.99526231496888,"WT"
50,2176,"70",20,0.28002,1.99526231496888,"WT"
60,279,"70",20,0.28002,1.99526231496888,"WT"
0,100000,"71",1,0.349697,2.51188643150958,"WT"
10,92793,"71",1,0.349697,2.51188643150958,"WT"
20,74791,"71",1,0.349697,2.51188643150958,"WT"
30,102272,"71",1,0.349697,2.51188643150958,"WT"
40,63343,"71",1,0.349697,2.51188643150958,"WT"
50,67490,"71",1,0.349697,2.51188643150958,"WT"
60,34539,"71",1,0.349697,2.51188643150958,"WT"
0,100000,"72",2,0.3185616,2.51188643150958,"WT"
10,95700,"72",2,0.3185616,2.51188643150958,"WT"
20,76588,"72",2,0.3185616,2.51188643150958,"WT"
30,95243,"72",2,0.3185616,2.51188643150958,"WT"
40,49604,"72",2,0.3185616,2.51188643150958,"WT"
50,41095,"72",2,0.3185616,2.51188643150958,"WT"
60,16054,"72",2,0.3185616,2.51188643150958,"WT"
0,100000,"73",5,0.3003958,2.51188643150958,"WT"
10,99201,"73",5,0.3003958,2.51188643150958,"WT"
20,78727,"73",5,0.3003958,2.51188643150958,"WT"
30,66307,"73",5,0.3003958,2.51188643150958,"WT"
40,19132,"73",5,0.3003958,2.51188643150958,"WT"
50,6998,"73",5,0.3003958,2.51188643150958,"WT"
60,1334,"73",5,0.3003958,2.51188643150958,"WT"
0,100000,"74",10,0.2956701,2.51188643150958,"WT"
10,99938,"74",10,0.2956701,2.51188643150958,"WT"
20,76030,"74",10,0.2956701,2.51188643150958,"WT"
30,35069,"74",10,0.2956701,2.51188643150958,"WT"
40,7303,"74",10,0.2956701,2.51188643150958,"WT"
50,1449,"74",10,0.2956701,2.51188643150958,"WT"
60,222,"74",10,0.2956701,2.51188643150958,"WT"
0,100000,"75",20,0.28002,2.51188643150958,"WT"
10,99999,"75",20,0.28002,2.51188643150958,"WT"
20,56275,"75",20,0.28002,2.51188643150958,"WT"
30,17299,"75",20,0.28002,2.51188643150958,"WT"
40,3636,"75",20,0.28002,2.51188643150958,"WT"
50,635,"75",20,0.28002,2.51188643150958,"WT"
60,90,"75",20,0.28002,2.51188643150958,"WT"
0,100000,"76",1,0.349697,3.16227766016838,"WT"
10,90724,"76",1,0.349697,3.16227766016838,"WT"
20,67737,"76",1,0.349697,3.16227766016838,"WT"
30,80882,"76",1,0.349697,3.16227766016838,"WT"
40,41053,"76",1,0.349697,3.16227766016838,"WT"
50,32004,"76",1,0.349697,3.16227766016838,"WT"
60,11706,"76",1,0.349697,3.16227766016838,"WT"
0,100000,"77",2,0.3185616,3.16227766016838,"WT"
10,93389,"77",2,0.3185616,3.16227766016838,"WT"
20,65854,"77",2,0.3185616,3.16227766016838,"WT"
30,64698,"77",2,0.3185616,3.16227766016838,"WT"
40,25324,"77",2,0.3185616,3.16227766016838,"WT"
50,14042,"77",2,0.3185616,3.16227766016838,"WT"
60,3764,"77",2,0.3185616,3.16227766016838,"WT"
0,100000,"78",5,0.3003958,3.16227766016838,"WT"
10,97552,"78",5,0.3003958,3.16227766016838,"WT"
20,56422,"78",5,0.3003958,3.16227766016838,"WT"
30,28697,"78",5,0.3003958,3.16227766016838,"WT"
40,6575,"78",5,0.3003958,3.16227766016838,"WT"
50,1639,"78",5,0.3003958,3.16227766016838,"WT"
60,220,"78",5,0.3003958,3.16227766016838,"WT"
0,100000,"79",10,0.2956701,3.16227766016838,"WT"
10,99396,"79",10,0.2956701,3.16227766016838,"WT"
20,40392,"79",10,0.2956701,3.16227766016838,"WT"
30,12901,"79",10,0.2956701,3.16227766016838,"WT"
40,2708,"79",10,0.2956701,3.16227766016838,"WT"
50,477,"79",10,0.2956701,3.16227766016838,"WT"
60,63,"79",10,0.2956701,3.16227766016838,"WT"
0,100000,"80",20,0.28002,3.16227766016838,"WT"
10,99830,"80",20,0.28002,3.16227766016838,"WT"
20,25773,"80",20,0.28002,3.16227766016838,"WT"
30,7846,"80",20,0.28002,3.16227766016838,"WT"
40,1574,"80",20,0.28002,3.16227766016838,"WT"
50,264,"80",20,0.28002,3.16227766016838,"WT"
60,44,"80",20,0.28002,3.16227766016838,"WT"
0,100000,"81",1,0.349697,3.98107170553497,"WT"
10,88122,"81",1,0.349697,3.98107170553497,"WT"
20,58746,"81",1,0.349697,3.98107170553497,"WT"
30,56086,"81",1,0.349697,3.98107170553497,"WT"
40,20612,"81",1,0.349697,3.98107170553497,"WT"
50,9126,"81",1,0.349697,3.98107170553497,"WT"
60,1758,"81",1,0.349697,3.98107170553497,"WT"
0,100000,"82",2,0.3185616,3.98107170553497,"WT"
10,89810,"82",2,0.3185616,3.98107170553497,"WT"
20,52509,"82",2,0.3185616,3.98107170553497,"WT"
30,37946,"82",2,0.3185616,3.98107170553497,"WT"
40,10458,"82",2,0.3185616,3.98107170553497,"WT"
50,3379,"82",2,0.3185616,3.98107170553497,"WT"
60,592,"82",2,0.3185616,3.98107170553497,"WT"
0,100000,"83",5,0.3003958,3.98107170553497,"WT"
10,93110,"83",5,0.3003958,3.98107170553497,"WT"
20,33852,"83",5,0.3003958,3.98107170553497,"WT"
30,12309,"83",5,0.3003958,3.98107170553497,"WT"
40,2574,"83",5,0.3003958,3.98107170553497,"WT"
50,462,"83",5,0.3003958,3.98107170553497,"WT"
60,67,"83",5,0.3003958,3.98107170553497,"WT"
0,100000,"84",10,0.2956701,3.98107170553497,"WT"
10,94787,"84",10,0.2956701,3.98107170553497,"WT"
20,20536,"84",10,0.2956701,3.98107170553497,"WT"
30,6361,"84",10,0.2956701,3.98107170553497,"WT"
40,1350,"84",10,0.2956701,3.98107170553497,"WT"
50,240,"84",10,0.2956701,3.98107170553497,"WT"
60,28,"84",10,0.2956701,3.98107170553497,"WT"
0,100000,"85",20,0.28002,3.98107170553497,"WT"
10,90828,"85",20,0.28002,3.98107170553497,"WT"
20,13972,"85",20,0.28002,3.98107170553497,"WT"
30,4286,"85",20,0.28002,3.98107170553497,"WT"
40,909,"85",20,0.28002,3.98107170553497,"WT"
50,155,"85",20,0.28002,3.98107170553497,"WT"
60,14,"85",20,0.28002,3.98107170553497,"WT"
0,100000,"86",1,0.349697,5.01187233627272,"WT"
10,84621,"86",1,0.349697,5.01187233627272,"WT"
20,47382,"86",1,0.349697,5.01187233627272,"WT"
30,30798,"86",1,0.349697,5.01187233627272,"WT"
40,6697,"86",1,0.349697,5.01187233627272,"WT"
50,1567,"86",1,0.349697,5.01187233627272,"WT"
60,244,"86",1,0.349697,5.01187233627272,"WT"
0,100000,"87",2,0.3185616,5.01187233627272,"WT"
10,84553,"87",2,0.3185616,5.01187233627272,"WT"
20,38059,"87",2,0.3185616,5.01187233627272,"WT"
30,18414,"87",2,0.3185616,5.01187233627272,"WT"
40,3804,"87",2,0.3185616,5.01187233627272,"WT"
50,852,"87",2,0.3185616,5.01187233627272,"WT"
60,109,"87",2,0.3185616,5.01187233627272,"WT"
0,100000,"88",5,0.3003958,5.01187233627272,"WT"
10,83008,"88",5,0.3003958,5.01187233627272,"WT"
20,19539,"88",5,0.3003958,5.01187233627272,"WT"
30,6184,"88",5,0.3003958,5.01187233627272,"WT"
40,1231,"88",5,0.3003958,5.01187233627272,"WT"
50,191,"88",5,0.3003958,5.01187233627272,"WT"
60,32,"88",5,0.3003958,5.01187233627272,"WT"
0,100000,"89",10,0.2956701,5.01187233627272,"WT"
10,76718,"89",10,0.2956701,5.01187233627272,"WT"
20,12075,"89",10,0.2956701,5.01187233627272,"WT"
30,3717,"89",10,0.2956701,5.01187233627272,"WT"
40,784,"89",10,0.2956701,5.01187233627272,"WT"
50,134,"89",10,0.2956701,5.01187233627272,"WT"
60,21,"89",10,0.2956701,5.01187233627272,"WT"
0,100000,"90",20,0.28002,5.01187233627272,"WT"
10,62048,"90",20,0.28002,5.01187233627272,"WT"
20,9090,"90",20,0.28002,5.01187233627272,"WT"
30,2659,"90",20,0.28002,5.01187233627272,"WT"
40,555,"90",20,0.28002,5.01187233627272,"WT"
50,91,"90",20,0.28002,5.01187233627272,"WT"
60,8,"90",20,0.28002,5.01187233627272,"WT"
0,100000,"91",1,0.349697,6.30957344480193,"WT"
10,79999,"91",1,0.349697,6.30957344480193,"WT"
20,33554,"91",1,0.349697,6.30957344480193,"WT"
30,11706,"91",1,0.349697,6.30957344480193,"WT"
40,2395,"91",1,0.349697,6.30957344480193,"WT"
50,435,"91",1,0.349697,6.30957344480193,"WT"
60,72,"91",1,0.349697,6.30957344480193,"WT"
0,100000,"92",2,0.3185616,6.30957344480193,"WT"
10,77535,"92",2,0.3185616,6.30957344480193,"WT"
20,24471,"92",2,0.3185616,6.30957344480193,"WT"
30,7696,"92",2,0.3185616,6.30957344480193,"WT"
40,1577,"92",2,0.3185616,6.30957344480193,"WT"
50,264,"92",2,0.3185616,6.30957344480193,"WT"
60,36,"92",2,0.3185616,6.30957344480193,"WT"
0,100000,"93",5,0.3003958,6.30957344480193,"WT"
10,67565,"93",5,0.3003958,6.30957344480193,"WT"
20,12126,"93",5,0.3003958,6.30957344480193,"WT"
30,3570,"93",5,0.3003958,6.30957344480193,"WT"
40,735,"93",5,0.3003958,6.30957344480193,"WT"
50,123,"93",5,0.3003958,6.30957344480193,"WT"
60,19,"93",5,0.3003958,6.30957344480193,"WT"
0,100000,"94",10,0.2956701,6.30957344480193,"WT"
10,54820,"94",10,0.2956701,6.30957344480193,"WT"
20,8386,"94",10,0.2956701,6.30957344480193,"WT"
30,2386,"94",10,0.2956701,6.30957344480193,"WT"
40,500,"94",10,0.2956701,6.30957344480193,"WT"
50,102,"94",10,0.2956701,6.30957344480193,"WT"
60,20,"94",10,0.2956701,6.30957344480193,"WT"
0,100000,"95",20,0.28002,6.30957344480193,"WT"
10,44961,"95",20,0.28002,6.30957344480193,"WT"
20,7211,"95",20,0.28002,6.30957344480193,"WT"
30,1917,"95",20,0.28002,6.30957344480193,"WT"
40,381,"95",20,0.28002,6.30957344480193,"WT"
50,56,"95",20,0.28002,6.30957344480193,"WT"
60,8,"95",20,0.28002,6.30957344480193,"WT"
0,100000,"96",1,0.349697,7.94328234724282,"WT"
10,73298,"96",1,0.349697,7.94328234724282,"WT"
20,19377,"96",1,0.349697,7.94328234724282,"WT"
30,5701,"96",1,0.349697,7.94328234724282,"WT"
40,1220,"96",1,0.349697,7.94328234724282,"WT"
50,203,"96",1,0.349697,7.94328234724282,"WT"
60,31,"96",1,0.349697,7.94328234724282,"WT"
0,100000,"97",2,0.3185616,7.94328234724282,"WT"
10,68018,"97",2,0.3185616,7.94328234724282,"WT"
20,14785,"97",2,0.3185616,7.94328234724282,"WT"
30,4275,"97",2,0.3185616,7.94328234724282,"WT"
40,913,"97",2,0.3185616,7.94328234724282,"WT"
50,166,"97",2,0.3185616,7.94328234724282,"WT"
60,29,"97",2,0.3185616,7.94328234724282,"WT"
0,100000,"98",5,0.3003958,7.94328234724282,"WT"
10,52350,"98",5,0.3003958,7.94328234724282,"WT"
20,8866,"98",5,0.3003958,7.94328234724282,"WT"
30,2339,"98",5,0.3003958,7.94328234724282,"WT"
40,479,"98",5,0.3003958,7.94328234724282,"WT"
50,82,"98",5,0.3003958,7.94328234724282,"WT"
60,12,"98",5,0.3003958,7.94328234724282,"WT"
0,100000,"99",10,0.2956701,7.94328234724282,"WT"
10,41167,"99",10,0.2956701,7.94328234724282,"WT"
20,6962,"99",10,0.2956701,7.94328234724282,"WT"
30,1660,"99",10,0.2956701,7.94328234724282,"WT"
40,366,"99",10,0.2956701,7.94328234724282,"WT"
50,78,"99",10,0.2956701,7.94328234724282,"WT"
60,12,"99",10,0.2956701,7.94328234724282,"WT"
0,100000,"100",20,0.28002,7.94328234724282,"WT"
10,35788,"100",20,0.28002,7.94328234724282,"WT"
20,6775,"100",20,0.28002,7.94328234724282,"WT"
30,1451,"100",20,0.28002,7.94328234724282,"WT"
40,311,"100",20,0.28002,7.94328234724282,"WT"
50,53,"100",20,0.28002,7.94328234724282,"WT"
60,5,"100",20,0.28002,7.94328234724282,"WT"
0,100000,"101",1,0.349697,10,"WT"
10,64992,"101",1,0.349697,10,"WT"
20,11847,"101",1,0.349697,10,"WT"
30,3328,"101",1,0.349697,10,"WT"
40,753,"101",1,0.349697,10,"WT"
50,115,"101",1,0.349697,10,"WT"
60,12,"101",1,0.349697,10,"WT"
0,100000,"102",2,0.3185616,10,"WT"
10,57199,"102",2,0.3185616,10,"WT"
20,9851,"102",2,0.3185616,10,"WT"
30,2581,"102",2,0.3185616,10,"WT"
40,558,"102",2,0.3185616,10,"WT"
50,95,"102",2,0.3185616,10,"WT"
60,12,"102",2,0.3185616,10,"WT"
0,100000,"103",5,0.3003958,10,"WT"
10,40918,"103",5,0.3003958,10,"WT"
20,7294,"103",5,0.3003958,10,"WT"
30,1738,"103",5,0.3003958,10,"WT"
40,360,"103",5,0.3003958,10,"WT"
50,67,"103",5,0.3003958,10,"WT"
60,11,"103",5,0.3003958,10,"WT"
0,100000,"104",10,0.2956701,10,"WT"
10,33415,"104",10,0.2956701,10,"WT"
20,6486,"104",10,0.2956701,10,"WT"
30,1338,"104",10,0.2956701,10,"WT"
40,306,"104",10,0.2956701,10,"WT"
50,52,"104",10,0.2956701,10,"WT"
60,3,"104",10,0.2956701,10,"WT"
0,100000,"105",20,0.28002,10,"WT"
10,30319,"105",20,0.28002,10,"WT"
20,6341,"105",20,0.28002,10,"WT"
30,1234,"105",20,0.28002,10,"WT"
40,250,"105",20,0.28002,10,"WT"
50,37,"105",20,0.28002,10,"WT"
60,4,"105",20,0.28002,10,"WT"
0,100000,"106",1,0.349697,12.5892541179417,"WT"
10,52455,"106",1,0.349697,12.5892541179417,"WT"
20,8438,"106",1,0.349697,12.5892541179417,"WT"
30,2273,"106",1,0.349697,12.5892541179417,"WT"
40,475,"106",1,0.349697,12.5892541179417,"WT"
50,89,"106",1,0.349697,12.5892541179417,"WT"
60,14,"106",1,0.349697,12.5892541179417,"WT"
0,100000,"107",2,0.3185616,12.5892541179417,"WT"
10,45304,"107",2,0.3185616,12.5892541179417,"WT"
20,7463,"107",2,0.3185616,12.5892541179417,"WT"
30,1870,"107",2,0.3185616,12.5892541179417,"WT"
40,413,"107",2,0.3185616,12.5892541179417,"WT"
50,73,"107",2,0.3185616,12.5892541179417,"WT"
60,11,"107",2,0.3185616,12.5892541179417,"WT"
0,100000,"108",5,0.3003958,12.5892541179417,"WT"
10,33508,"108",5,0.3003958,12.5892541179417,"WT"
20,6355,"108",5,0.3003958,12.5892541179417,"WT"
30,1279,"108",5,0.3003958,12.5892541179417,"WT"
40,258,"108",5,0.3003958,12.5892541179417,"WT"
50,51,"108",5,0.3003958,12.5892541179417,"WT"
60,7,"108",5,0.3003958,12.5892541179417,"WT"
0,100000,"109",10,0.2956701,12.5892541179417,"WT"
10,28808,"109",10,0.2956701,12.5892541179417,"WT"
20,6180,"109",10,0.2956701,12.5892541179417,"WT"
30,1135,"109",10,0.2956701,12.5892541179417,"WT"
40,241,"109",10,0.2956701,12.5892541179417,"WT"
50,37,"109",10,0.2956701,12.5892541179417,"WT"
60,4,"109",10,0.2956701,12.5892541179417,"WT"
0,100000,"110",20,0.28002,12.5892541179417,"WT"
10,26487,"110",20,0.28002,12.5892541179417,"WT"
20,5825,"110",20,0.28002,12.5892541179417,"WT"
30,1048,"110",20,0.28002,12.5892541179417,"WT"
40,227,"110",20,0.28002,12.5892541179417,"WT"
50,43,"110",20,0.28002,12.5892541179417,"WT"
60,3,"110",20,0.28002,12.5892541179417,"WT"
0,100000,"111",1,0.349697,15.8489319246111,"WT"
10,39876,"111",1,0.349697,15.8489319246111,"WT"
20,6855,"111",1,0.349697,15.8489319246111,"WT"
30,1600,"111",1,0.349697,15.8489319246111,"WT"
40,332,"111",1,0.349697,15.8489319246111,"WT"
50,72,"111",1,0.349697,15.8489319246111,"WT"
60,9,"111",1,0.349697,15.8489319246111,"WT"
0,100000,"112",2,0.3185616,15.8489319246111,"WT"
10,35840,"112",2,0.3185616,15.8489319246111,"WT"
20,6520,"112",2,0.3185616,15.8489319246111,"WT"
30,1479,"112",2,0.3185616,15.8489319246111,"WT"
40,320,"112",2,0.3185616,15.8489319246111,"WT"
50,50,"112",2,0.3185616,15.8489319246111,"WT"
60,13,"112",2,0.3185616,15.8489319246111,"WT"
0,100000,"113",5,0.3003958,15.8489319246111,"WT"
10,28386,"113",5,0.3003958,15.8489319246111,"WT"
20,5975,"113",5,0.3003958,15.8489319246111,"WT"
30,1165,"113",5,0.3003958,15.8489319246111,"WT"
40,246,"113",5,0.3003958,15.8489319246111,"WT"
50,42,"113",5,0.3003958,15.8489319246111,"WT"
60,4,"113",5,0.3003958,15.8489319246111,"WT"
0,100000,"114",10,0.2956701,15.8489319246111,"WT"
10,25325,"114",10,0.2956701,15.8489319246111,"WT"
20,5723,"114",10,0.2956701,15.8489319246111,"WT"
30,972,"114",10,0.2956701,15.8489319246111,"WT"
40,212,"114",10,0.2956701,15.8489319246111,"WT"
50,30,"114",10,0.2956701,15.8489319246111,"WT"
60,2,"114",10,0.2956701,15.8489319246111,"WT"
0,100000,"115",20,0.28002,15.8489319246111,"WT"
10,23854,"115",20,0.28002,15.8489319246111,"WT"
20,5442,"115",20,0.28002,15.8489319246111,"WT"
30,920,"115",20,0.28002,15.8489319246111,"WT"
40,188,"115",20,0.28002,15.8489319246111,"WT"
50,29,"115",20,0.28002,15.8489319246111,"WT"
60,4,"115",20,0.28002,15.8489319246111,"WT"
0,100000,"116",1,0.349697,19.9526231496888,"WT"
10,32874,"116",1,0.349697,19.9526231496888,"WT"
20,6345,"116",1,0.349697,19.9526231496888,"WT"
30,1413,"116",1,0.349697,19.9526231496888,"WT"
40,282,"116",1,0.349697,19.9526231496888,"WT"
50,61,"116",1,0.349697,19.9526231496888,"WT"
60,9,"116",1,0.349697,19.9526231496888,"WT"
0,100000,"117",2,0.3185616,19.9526231496888,"WT"
10,29901,"117",2,0.3185616,19.9526231496888,"WT"
20,6138,"117",2,0.3185616,19.9526231496888,"WT"
30,1176,"117",2,0.3185616,19.9526231496888,"WT"
40,253,"117",2,0.3185616,19.9526231496888,"WT"
50,43,"117",2,0.3185616,19.9526231496888,"WT"
60,7,"117",2,0.3185616,19.9526231496888,"WT"
0,100000,"118",5,0.3003958,19.9526231496888,"WT"
10,25179,"118",5,0.3003958,19.9526231496888,"WT"
20,5588,"118",5,0.3003958,19.9526231496888,"WT"
30,1000,"118",5,0.3003958,19.9526231496888,"WT"
40,219,"118",5,0.3003958,19.9526231496888,"WT"
50,25,"118",5,0.3003958,19.9526231496888,"WT"
60,7,"118",5,0.3003958,19.9526231496888,"WT"
0,100000,"119",10,0.2956701,19.9526231496888,"WT"
10,23078,"119",10,0.2956701,19.9526231496888,"WT"
20,5269,"119",10,0.2956701,19.9526231496888,"WT"
30,873,"119",10,0.2956701,19.9526231496888,"WT"
40,191,"119",10,0.2956701,19.9526231496888,"WT"
50,25,"119",10,0.2956701,19.9526231496888,"WT"
60,5,"119",10,0.2956701,19.9526231496888,"WT"
0,100000,"120",20,0.28002,19.9526231496888,"WT"
10,21976,"120",20,0.28002,19.9526231496888,"WT"
20,5118,"120",20,0.28002,19.9526231496888,"WT"
30,799,"120",20,0.28002,19.9526231496888,"WT"
40,184,"120",20,0.28002,19.9526231496888,"WT"
50,40,"120",20,0.28002,19.9526231496888,"WT"
60,5,"120",20,0.28002,19.9526231496888,"WT"
0,100000,"121",1,0.349697,25.1188643150958,"WT"
10,28171,"121",1,0.349697,25.1188643150958,"WT"
20,5852,"121",1,0.349697,25.1188643150958,"WT"
30,1117,"121",1,0.349697,25.1188643150958,"WT"
40,215,"121",1,0.349697,25.1188643150958,"WT"
50,33,"121",1,0.349697,25.1188643150958,"WT"
60,7,"121",1,0.349697,25.1188643150958,"WT"
0,100000,"122",2,0.3185616,25.1188643150958,"WT"
10,26317,"122",2,0.3185616,25.1188643150958,"WT"
20,5720,"122",2,0.3185616,25.1188643150958,"WT"
30,1039,"122",2,0.3185616,25.1188643150958,"WT"
40,224,"122",2,0.3185616,25.1188643150958,"WT"
50,42,"122",2,0.3185616,25.1188643150958,"WT"
60,10,"122",2,0.3185616,25.1188643150958,"WT"
0,100000,"123",5,0.3003958,25.1188643150958,"WT"
10,22821,"123",5,0.3003958,25.1188643150958,"WT"
20,5319,"123",5,0.3003958,25.1188643150958,"WT"
30,897,"123",5,0.3003958,25.1188643150958,"WT"
40,185,"123",5,0.3003958,25.1188643150958,"WT"
50,31,"123",5,0.3003958,25.1188643150958,"WT"
60,2,"123",5,0.3003958,25.1188643150958,"WT"
0,100000,"124",10,0.2956701,25.1188643150958,"WT"
10,21310,"124",10,0.2956701,25.1188643150958,"WT"
20,5080,"124",10,0.2956701,25.1188643150958,"WT"
30,817,"124",10,0.2956701,25.1188643150958,"WT"
40,154,"124",10,0.2956701,25.1188643150958,"WT"
50,30,"124",10,0.2956701,25.1188643150958,"WT"
60,8,"124",10,0.2956701,25.1188643150958,"WT"
0,100000,"125",20,0.28002,25.1188643150958,"WT"
10,20653,"125",20,0.28002,25.1188643150958,"WT"
20,4911,"125",20,0.28002,25.1188643150958,"WT"
30,823,"125",20,0.28002,25.1188643150958,"WT"
40,175,"125",20,0.28002,25.1188643150958,"WT"
50,26,"125",20,0.28002,25.1188643150958,"WT"
60,2,"125",20,0.28002,25.1188643150958,"WT"
0,100000,"126",1,0.349697,31.6227766016838,"WT"
10,25128,"126",1,0.349697,31.6227766016838,"WT"
20,5538,"126",1,0.349697,31.6227766016838,"WT"
30,978,"126",1,0.349697,31.6227766016838,"WT"
40,189,"126",1,0.349697,31.6227766016838,"WT"
50,37,"126",1,0.349697,31.6227766016838,"WT"
60,4,"126",1,0.349697,31.6227766016838,"WT"
0,100000,"127",2,0.3185616,31.6227766016838,"WT"
10,23826,"127",2,0.3185616,31.6227766016838,"WT"
20,5489,"127",2,0.3185616,31.6227766016838,"WT"
30,878,"127",2,0.3185616,31.6227766016838,"WT"
40,186,"127",2,0.3185616,31.6227766016838,"WT"
50,28,"127",2,0.3185616,31.6227766016838,"WT"
60,5,"127",2,0.3185616,31.6227766016838,"WT"
0,100000,"128",5,0.3003958,31.6227766016838,"WT"
10,21197,"128",5,0.3003958,31.6227766016838,"WT"
20,4811,"128",5,0.3003958,31.6227766016838,"WT"
30,789,"128",5,0.3003958,31.6227766016838,"WT"
40,175,"128",5,0.3003958,31.6227766016838,"WT"
50,34,"128",5,0.3003958,31.6227766016838,"WT"
60,3,"128",5,0.3003958,31.6227766016838,"WT"
0,100000,"129",10,0.2956701,31.6227766016838,"WT"
10,20281,"129",10,0.2956701,31.6227766016838,"WT"
20,4916,"129",10,0.2956701,31.6227766016838,"WT"
30,760,"129",10,0.2956701,31.6227766016838,"WT"
40,151,"129",10,0.2956701,31.6227766016838,"WT"
50,26,"129",10,0.2956701,31.6227766016838,"WT"
60,5,"129",10,0.2956701,31.6227766016838,"WT"
0,100000,"130",20,0.28002,31.6227766016838,"WT"
10,19617,"130",20,0.28002,31.6227766016838,"WT"
20,4773,"130",20,0.28002,31.6227766016838,"WT"
30,736,"130",20,0.28002,31.6227766016838,"WT"
40,145,"130",20,0.28002,31.6227766016838,"WT"
50,24,"130",20,0.28002,31.6227766016838,"WT"
60,4,"130",20,0.28002,31.6227766016838,"WT"
0,100000,"131",1,0.349697,39.8107170553497,"WT"
10,22737,"131",1,0.349697,39.8107170553497,"WT"
20,5290,"131",1,0.349697,39.8107170553497,"WT"
30,906,"131",1,0.349697,39.8107170553497,"WT"
40,205,"131",1,0.349697,39.8107170553497,"WT"
50,32,"131",1,0.349697,39.8107170553497,"WT"
60,2,"131",1,0.349697,39.8107170553497,"WT"
0,100000,"132",2,0.3185616,39.8107170553497,"WT"
10,21744,"132",2,0.3185616,39.8107170553497,"WT"
20,5074,"132",2,0.3185616,39.8107170553497,"WT"
30,871,"132",2,0.3185616,39.8107170553497,"WT"
40,168,"132",2,0.3185616,39.8107170553497,"WT"
50,27,"132",2,0.3185616,39.8107170553497,"WT"
60,5,"132",2,0.3185616,39.8107170553497,"WT"
0,100000,"133",5,0.3003958,39.8107170553497,"WT"
10,19968,"133",5,0.3003958,39.8107170553497,"WT"
20,4863,"133",5,0.3003958,39.8107170553497,"WT"
30,769,"133",5,0.3003958,39.8107170553497,"WT"
40,159,"133",5,0.3003958,39.8107170553497,"WT"
50,31,"133",5,0.3003958,39.8107170553497,"WT"
60,4,"133",5,0.3003958,39.8107170553497,"WT"
0,100000,"134",10,0.2956701,39.8107170553497,"WT"
10,19293,"134",10,0.2956701,39.8107170553497,"WT"
20,4612,"134",10,0.2956701,39.8107170553497,"WT"
30,685,"134",10,0.2956701,39.8107170553497,"WT"
40,125,"134",10,0.2956701,39.8107170553497,"WT"
50,24,"134",10,0.2956701,39.8107170553497,"WT"
60,2,"134",10,0.2956701,39.8107170553497,"WT"
0,100000,"135",20,0.28002,39.8107170553497,"WT"
10,18968,"135",20,0.28002,39.8107170553497,"WT"
20,4693,"135",20,0.28002,39.8107170553497,"WT"
30,716,"135",20,0.28002,39.8107170553497,"WT"
40,140,"135",20,0.28002,39.8107170553497,"WT"
50,29,"135",20,0.28002,39.8107170553497,"WT"
60,5,"135",20,0.28002,39.8107170553497,"WT"
0,100000,"136",1,0.349697,50.1187233627273,"WT"
10,21372,"136",1,0.349697,50.1187233627273,"WT"
20,5069,"136",1,0.349697,50.1187233627273,"WT"
30,813,"136",1,0.349697,50.1187233627273,"WT"
40,172,"136",1,0.349697,50.1187233627273,"WT"
50,24,"136",1,0.349697,50.1187233627273,"WT"
60,3,"136",1,0.349697,50.1187233627273,"WT"
0,100000,"137",2,0.3185616,50.1187233627273,"WT"
10,20274,"137",2,0.3185616,50.1187233627273,"WT"
20,4860,"137",2,0.3185616,50.1187233627273,"WT"
30,743,"137",2,0.3185616,50.1187233627273,"WT"
40,143,"137",2,0.3185616,50.1187233627273,"WT"
50,25,"137",2,0.3185616,50.1187233627273,"WT"
60,3,"137",2,0.3185616,50.1187233627273,"WT"
0,100000,"138",5,0.3003958,50.1187233627273,"WT"
10,19017,"138",5,0.3003958,50.1187233627273,"WT"
20,4590,"138",5,0.3003958,50.1187233627273,"WT"
30,703,"138",5,0.3003958,50.1187233627273,"WT"
40,168,"138",5,0.3003958,50.1187233627273,"WT"
50,35,"138",5,0.3003958,50.1187233627273,"WT"
60,5,"138",5,0.3003958,50.1187233627273,"WT"
0,100000,"139",10,0.2956701,50.1187233627273,"WT"
10,18480,"139",10,0.2956701,50.1187233627273,"WT"
20,4523,"139",10,0.2956701,50.1187233627273,"WT"
30,715,"139",10,0.2956701,50.1187233627273,"WT"
40,137,"139",10,0.2956701,50.1187233627273,"WT"
50,14,"139",10,0.2956701,50.1187233627273,"WT"
60,3,"139",10,0.2956701,50.1187233627273,"WT"
0,100000,"140",20,0.28002,50.1187233627273,"WT"
10,18240,"140",20,0.28002,50.1187233627273,"WT"
20,4394,"140",20,0.28002,50.1187233627273,"WT"
30,689,"140",20,0.28002,50.1187233627273,"WT"
40,140,"140",20,0.28002,50.1187233627273,"WT"
50,33,"140",20,0.28002,50.1187233627273,"WT"
60,7,"140",20,0.28002,50.1187233627273,"WT"
0,100000,"141",1,0.349697,63.0957344480194,"WT"
10,20020,"141",1,0.349697,63.0957344480194,"WT"
20,4793,"141",1,0.349697,63.0957344480194,"WT"
30,749,"141",1,0.349697,63.0957344480194,"WT"
40,150,"141",1,0.349697,63.0957344480194,"WT"
50,28,"141",1,0.349697,63.0957344480194,"WT"
60,5,"141",1,0.349697,63.0957344480194,"WT"
0,100000,"142",2,0.3185616,63.0957344480194,"WT"
10,19586,"142",2,0.3185616,63.0957344480194,"WT"
20,4688,"142",2,0.3185616,63.0957344480194,"WT"
30,768,"142",2,0.3185616,63.0957344480194,"WT"
40,171,"142",2,0.3185616,63.0957344480194,"WT"
50,34,"142",2,0.3185616,63.0957344480194,"WT"
60,5,"142",2,0.3185616,63.0957344480194,"WT"
0,100000,"143",5,0.3003958,63.0957344480194,"WT"
10,18445,"143",5,0.3003958,63.0957344480194,"WT"
20,4371,"143",5,0.3003958,63.0957344480194,"WT"
30,683,"143",5,0.3003958,63.0957344480194,"WT"
40,122,"143",5,0.3003958,63.0957344480194,"WT"
50,26,"143",5,0.3003958,63.0957344480194,"WT"
60,4,"143",5,0.3003958,63.0957344480194,"WT"
0,100000,"144",10,0.2956701,63.0957344480194,"WT"
10,18025,"144",10,0.2956701,63.0957344480194,"WT"
20,4410,"144",10,0.2956701,63.0957344480194,"WT"
30,691,"144",10,0.2956701,63.0957344480194,"WT"
40,154,"144",10,0.2956701,63.0957344480194,"WT"
50,37,"144",10,0.2956701,63.0957344480194,"WT"
60,3,"144",10,0.2956701,63.0957344480194,"WT"
0,100000,"145",20,0.28002,63.0957344480194,"WT"
10,17799,"145",20,0.28002,63.0957344480194,"WT"
20,4196,"145",20,0.28002,63.0957344480194,"WT"
30,637,"145",20,0.28002,63.0957344480194,"WT"
40,142,"145",20,0.28002,63.0957344480194,"WT"
50,19,"145",20,0.28002,63.0957344480194,"WT"
60,0,"145",20,0.28002,63.0957344480194,"WT"
0,100000,"146",1,0.349697,79.4328234724282,"WT"
10,18849,"146",1,0.349697,79.4328234724282,"WT"
20,4399,"146",1,0.349697,79.4328234724282,"WT"
30,743,"146",1,0.349697,79.4328234724282,"WT"
40,145,"146",1,0.349697,79.4328234724282,"WT"
50,25,"146",1,0.349697,79.4328234724282,"WT"
60,6,"146",1,0.349697,79.4328234724282,"WT"
0,100000,"147",2,0.3185616,79.4328234724282,"WT"
10,18846,"147",2,0.3185616,79.4328234724282,"WT"
20,4564,"147",2,0.3185616,79.4328234724282,"WT"
30,771,"147",2,0.3185616,79.4328234724282,"WT"
40,146,"147",2,0.3185616,79.4328234724282,"WT"
50,24,"147",2,0.3185616,79.4328234724282,"WT"
60,2,"147",2,0.3185616,79.4328234724282,"WT"
0,100000,"148",5,0.3003958,79.4328234724282,"WT"
10,17724,"148",5,0.3003958,79.4328234724282,"WT"
20,4238,"148",5,0.3003958,79.4328234724282,"WT"
30,692,"148",5,0.3003958,79.4328234724282,"WT"
40,172,"148",5,0.3003958,79.4328234724282,"WT"
50,29,"148",5,0.3003958,79.4328234724282,"WT"
60,4,"148",5,0.3003958,79.4328234724282,"WT"
0,100000,"149",10,0.2956701,79.4328234724282,"WT"
10,17379,"149",10,0.2956701,79.4328234724282,"WT"
20,4074,"149",10,0.2956701,79.4328234724282,"WT"
30,636,"149",10,0.2956701,79.4328234724282,"WT"
40,130,"149",10,0.2956701,79.4328234724282,"WT"
50,24,"149",10,0.2956701,79.4328234724282,"WT"
60,2,"149",10,0.2956701,79.4328234724282,"WT"
0,100000,"150",20,0.28002,79.4328234724282,"WT"
10,16933,"150",20,0.28002,79.4328234724282,"WT"
20,4074,"150",20,0.28002,79.4328234724282,"WT"
30,665,"150",20,0.28002,79.4328234724282,"WT"
40,137,"150",20,0.28002,79.4328234724282,"WT"
50,33,"150",20,0.28002,79.4328234724282,"WT"
60,4,"150",20,0.28002,79.4328234724282,"WT"
0,100000,"151",1,0.349697,100,"WT"
10,17754,"151",1,0.349697,100,"WT"
20,3753,"151",1,0.349697,100,"WT"
30,673,"151",1,0.349697,100,"WT"
40,107,"151",1,0.349697,100,"WT"
50,24,"151",1,0.349697,100,"WT"
60,4,"151",1,0.349697,100,"WT"
0,100000,"152",2,0.3185616,100,"WT"
10,17708,"152",2,0.3185616,100,"WT"
20,3822,"152",2,0.3185616,100,"WT"
30,643,"152",2,0.3185616,100,"WT"
40,121,"152",2,0.3185616,100,"WT"
50,27,"152",2,0.3185616,100,"WT"
60,4,"152",2,0.3185616,100,"WT"
0,100000,"153",5,0.3003958,100,"WT"
10,16995,"153",5,0.3003958,100,"WT"
20,3740,"153",5,0.3003958,100,"WT"
30,649,"153",5,0.3003958,100,"WT"
40,105,"153",5,0.3003958,100,"WT"
50,21,"153",5,0.3003958,100,"WT"
60,6,"153",5,0.3003958,100,"WT"
0,100000,"154",10,0.2956701,100,"WT"
10,16609,"154",10,0.2956701,100,"WT"
20,3706,"154",10,0.2956701,100,"WT"
30,657,"154",10,0.2956701,100,"WT"
40,112,"154",10,0.2956701,100,"WT"
50,19,"154",10,0.2956701,100,"WT"
60,1,"154",10,0.2956701,100,"WT"
0,100000,"155",20,0.28002,100,"WT"
10,16616,"155",20,0.28002,100,"WT"
20,3634,"155",20,0.28002,100,"WT"
30,554,"155",20,0.28002,100,"WT"
40,82,"155",20,0.28002,100,"WT"
50,22,"155",20,0.28002,100,"WT"
60,5,"155",20,0.28002,100,"WT"
