"survive","parameter.index","kappa","MIC.fraction","drug.outsideConcentration.MULT","cell.type","extinction.time","extinction.time.sd"
1,"1",1,0.1043,0,"WT",NA,NA
1,"2",2,0.08951271,0,"WT",NA,NA
1,"3",3,0.08567227,0,"WT",NA,NA
1,"4",4,0.08319832,0,"WT",NA,NA
1,"5",5,0.0822,0,"WT",NA,NA
0.872,"6",1,0.1043,0.5,"WT",35.6927757208531,28.0456598118098
0.98,"7",2,0.08951271,0.5,"WT",29.0262952274468,17.536034711633
0.996,"8",3,0.08567227,0.5,"WT",25.7160274536994,11.8922366091034
1,"9",4,0.08319832,0.5,"WT",NA,NA
0.999,"10",5,0.0822,0.5,"WT",22.2433651223321,NA
0.793,"11",1,0.1043,0.7,"WT",50.2507765660153,45.0552944671747
0.93,"12",2,0.08951271,0.7,"WT",48.5223708159091,47.7532754317439
0.964,"13",3,0.08567227,0.7,"WT",42.3176600813216,35.3113025919816
0.988,"14",4,0.08319832,0.7,"WT",41.923542991354,26.8946295288308
0.997,"15",5,0.0822,0.7,"WT",21.951782231326,1.04091285245645
0.625,"16",1,0.1043,0.9,"WT",76.4391289659416,84.802406415618
0.746,"17",2,0.08951271,0.9,"WT",98.9696835004672,88.5699690607141
0.834,"18",3,0.08567227,0.9,"WT",100.980271244753,77.6190869143035
0.892,"19",4,0.08319832,0.9,"WT",109.540563093894,81.8640130824974
0.889,"20",5,0.0822,0.9,"WT",117.794617538851,82.5716872930272
0.477,"21",1,0.1043,1,"WT",104.314209986231,115.874917812911
0.491,"22",2,0.08951271,1,"WT",171.891867504281,172.847304788115
0.525,"23",3,0.08567227,1,"WT",219.671363212918,199.236804162457
0.515,"24",4,0.08319832,1,"WT",227.953031131505,192.172863190838
0.506,"25",5,0.0822,1,"WT",238.664830052953,207.780502233918
0.345,"26",1,0.1043,1.1,"WT",144.625356573896,159.891966660496
0.113,"27",2,0.08951271,1.1,"WT",260.84037444187,260.201731778318
0.025,"28",3,0.08567227,1.1,"WT",263.20698852784,232.932516260885
0.009,"29",4,0.08319832,1.1,"WT",238.573201978051,203.165128010536
0.002,"30",5,0.0822,1.1,"WT",229.159219455538,189.449193296624
0.173,"31",1,0.1043,1.2,"WT",188.991274875437,218.0216749753
0.001,"32",2,0.08951271,1.2,"WT",167.722311450298,160.703890591863
0,"33",3,0.08567227,1.2,"WT",150.301122738515,107.441182808223
0,"34",4,0.08319832,1.2,"WT",130.430850351997,83.6826285044609
0,"35",5,0.0822,1.2,"WT",125.921146892791,79.2874699110452
0.04,"36",1,0.1043,1.3,"WT",194.53776058257,225.877188470239
0,"37",2,0.08951271,1.3,"WT",131.454994715203,109.359601168115
0,"38",3,0.08567227,1.3,"WT",109.872945926536,69.6131970594339
0,"39",4,0.08319832,1.3,"WT",96.7508333457968,54.107030237274
0,"40",5,0.0822,1.3,"WT",93.2854198948901,50.2719795901312
0.004,"41",1,0.1043,1.4,"WT",173.496216252756,198.632805271681
0,"42",2,0.08951271,1.4,"WT",106.876206996548,79.0777745202764
0,"43",3,0.08567227,1.4,"WT",90.9804217749532,53.8818383895311
0,"44",4,0.08319832,1.4,"WT",82.3022670886672,41.1482122226627
0,"45",5,0.0822,1.4,"WT",77.4016980636354,35.4512931948443
0,"46",1,0.1043,1.5,"WT",145.856029372669,150.360559526868
0,"47",2,0.08951271,1.5,"WT",87.0643669679376,57.4205863133066
0,"48",3,0.08567227,1.5,"WT",76.8049759386698,41.6447384559971
0,"49",4,0.08319832,1.5,"WT",68.5372404778521,32.491858711498
0,"50",5,0.0822,1.5,"WT",66.4455532436154,28.3300422480552
0,"51",1,0.1043,1.75,"WT",98.0043120417406,89.7853037610611
0,"52",2,0.08951271,1.75,"WT",69.1840450198688,41.7947215854244
0,"53",3,0.08567227,1.75,"WT",57.9713060734521,28.4911087379934
0,"54",4,0.08319832,1.75,"WT",53.9100777922354,22.8367240224934
0,"55",5,0.0822,1.75,"WT",49.2197276281064,19.6485990292638
0,"56",1,0.1043,2,"WT",75.0704399143327,63.572025085732
0,"57",2,0.08951271,2,"WT",55.0047491074655,32.2552693762589
0,"58",3,0.08567227,2,"WT",48.2129724084632,22.5838489887112
0,"59",4,0.08319832,2,"WT",43.8518946900921,17.5193138697921
0,"60",5,0.0822,2,"WT",40.3132277892767,15.138027952641
0,"61",1,0.1043,2.25,"WT",63.499975808195,51.0427881867212
0,"62",2,0.08951271,2.25,"WT",47.5291399855042,26.4449396145464
0,"63",3,0.08567227,2.25,"WT",40.8587811875316,18.8547650310987
0,"64",4,0.08319832,2.25,"WT",37.1985790956151,14.7769742194189
0,"65",5,0.0822,2.25,"WT",35.4570884163622,12.9998142137959
0,"66",1,0.1043,2.5,"WT",55.4928683709265,41.0440075200336
0,"67",2,0.08951271,2.5,"WT",41.8695448694422,23.4105500835404
0,"68",3,0.08567227,2.5,"WT",36.8793827279519,16.5241730936238
0,"69",4,0.08319832,2.5,"WT",32.508645950286,12.4843795871425
0,"70",5,0.0822,2.5,"WT",31.2809341599334,11.6015895691529
0,"71",1,0.1043,2.75,"WT",50.1309062607165,39.6076375225804
0,"72",2,0.08951271,2.75,"WT",37.214380580342,20.1844145561473
0,"73",3,0.08567227,2.75,"WT",32.3879314424847,14.0736463757272
0,"74",4,0.08319832,2.75,"WT",29.8143231984423,12.1666861520931
0,"75",5,0.0822,2.75,"WT",27.9519535077452,10.4109205805997
0,"76",1,0.1043,3,"WT",46.1603737953815,34.4166477457132
0,"77",2,0.08951271,3,"WT",35.4789848210582,18.8169013748694
0,"78",3,0.08567227,3,"WT",30.0854199839211,12.9395713396563
0,"79",4,0.08319832,3,"WT",26.7002314709637,10.5620248137353
0,"80",5,0.0822,3,"WT",25.1992342140357,9.17206151278109
0,"81",1,0.1043,3.5,"WT",41.2312082785891,29.3030728787868
0,"82",2,0.08951271,3.5,"WT",30.1928169332244,15.0180821289343
0,"83",3,0.08567227,3.5,"WT",25.6109678044496,10.9766422957909
0,"84",4,0.08319832,3.5,"WT",23.7969688606435,9.35664740223565
0,"85",5,0.0822,3.5,"WT",22.3029930609393,8.3416662591301
0,"86",1,0.1043,4,"WT",35.5544145149864,23.9354200983649
0,"87",2,0.08951271,4,"WT",26.8708104278653,13.6853214445815
0,"88",3,0.08567227,4,"WT",22.8305775067602,9.82878082124201
0,"89",4,0.08319832,4,"WT",21.4075729918104,8.19971352209365
0,"90",5,0.0822,4,"WT",20.0727855183047,7.31206784547029
0,"91",1,0.1043,4.5,"WT",33.4313163005078,21.9847424485988
0,"92",2,0.08951271,4.5,"WT",24.9096300245071,12.2314192482368
0,"93",3,0.08567227,4.5,"WT",21.5427477598612,8.6859739862868
0,"94",4,0.08319832,4.5,"WT",19.0628658471982,7.14745244667075
0,"95",5,0.0822,4.5,"WT",18.2415891823514,6.01581581510287
0,"96",1,0.1043,5,"WT",29.8264653948368,18.79218401476
0,"97",2,0.08951271,5,"WT",23.117221085665,11.2834389037295
0,"98",3,0.08567227,5,"WT",19.5811204310641,8.66321274108237
0,"99",4,0.08319832,5,"WT",17.9858238517738,7.17805163801865
0,"100",5,0.0822,5,"WT",16.7320081470788,6.27245514833655
