"sim.label","seed","param.index"
1,679671066,1
21,2056040457,1
41,966418212,1
61,1990353114,1
81,926259733,1
1,557291886,2
21,631307531,2
41,1286064521,2
61,1154890783,2
81,964509871,2
1,579595547,3
21,371788138,3
41,1546267584,3
61,917342922,3
81,158027024,3
82,452155948,3
1,316642077,4
2,1998767103,4
21,892149058,4
22,1616058051,4
41,129611142,4
42,1156117436,4
61,533327769,4
62,1764729148,4
81,1172682171,4
82,657124438,4
1,1498508150,5
2,792857726,5
21,1355504040,5
22,1687405985,5
41,633410675,5
42,1991739378,5
61,1083279254,5
62,554479404,5
81,1571604873,5
82,2024948499,5
1,1853327312,6
2,2100906121,6
3,1272695432,6
4,1338980985,6
21,859929294,6
22,1159060402,6
23,946170903,6
24,1881119325,6
41,1018462848,6
42,54800478,6
43,991568468,6
61,99118217,6
62,288192996,6
63,2113064393,6
81,1276183958,6
82,5829849,6
83,798357680,6
1,2079327366,7
2,933430931,7
3,172111403,7
4,1021148426,7
5,2031107013,7
6,574888195,7
7,681822528,7
21,650746194,7
22,2079425026,7
23,1431556184,7
24,890789208,7
25,880563579,7
26,698246880,7
27,361284640,7
41,411242465,7
42,1474084649,7
43,1759831253,7
44,671049742,7
45,1841824375,7
46,812001790,7
47,428538623,7
61,912367232,7
62,657832028,7
63,1025112403,7
64,1404704263,7
65,524348062,7
66,567475531,7
81,1417785496,7
82,545943892,7
83,176302420,7
84,489851909,7
85,934194566,7
86,798035068,7
1,250110858,8
2,2026733533,8
3,1001965427,8
4,1735675356,8
5,1237959719,8
6,1207426090,8
7,90985047,8
8,604897252,8
9,1363271714,8
10,1338794906,8
11,1517935211,8
12,1909969545,8
21,510221498,8
22,509854468,8
23,1672540364,8
24,568663507,8
25,2125795705,8
26,859776878,8
27,1093142844,8
28,1557654926,8
29,714272700,8
30,261054167,8
31,1598747083,8
32,1942596705,8
41,236072718,8
42,2044960559,8
43,1167123801,8
44,379807677,8
45,302013870,8
46,2142872416,8
47,659560312,8
48,1185035128,8
49,148606780,8
50,1286152707,8
51,1190847531,8
61,185738581,8
62,720142198,8
63,644273381,8
64,869509525,8
65,282218817,8
66,849873950,8
67,1846779433,8
68,389234764,8
69,2121647951,8
70,684750974,8
81,634916206,8
82,77915072,8
83,186406868,8
84,942542818,8
85,1782151363,8
86,337899319,8
87,1381568771,8
88,289153736,8
89,1027770346,8
90,1946791,8
1,257406190,9
2,1031168171,9
3,1202919320,9
4,901561511,9
5,1454410817,9
6,1515082636,9
7,857937533,9
8,1747798755,9
9,222630732,9
10,380880685,9
11,328069839,9
12,263948234,9
13,726450102,9
14,992672765,9
15,163750446,9
16,981930232,9
17,1983489163,9
18,159078894,9
19,178333319,9
20,1904789336,9
21,1404780542,9
22,919209980,9
23,268092418,9
24,350964955,9
25,117617973,9
26,1185508253,9
27,497421380,9
28,455064775,9
29,1281270853,9
30,45352293,9
31,1316733067,9
32,371929366,9
33,739636124,9
34,1721321624,9
35,880336649,9
36,1812831154,9
37,565082999,9
38,939892794,9
39,307047828,9
40,35201557,9
41,401799349,9
42,1530676457,9
43,1424300541,9
44,1528755134,9
45,1929775644,9
46,691584034,9
47,757878671,9
48,1498795629,9
49,739544944,9
50,473249565,9
51,1551391427,9
52,326824906,9
53,1150536370,9
54,852850483,9
55,1947654667,9
56,156254718,9
57,891980320,9
58,230676271,9
59,134498366,9
60,1251679564,9
61,1410197067,9
62,1930488034,9
63,1740263210,9
64,1433804324,9
65,1796124190,9
66,1854401486,9
67,745625050,9
68,1475984326,9
69,406287463,9
70,1089542701,9
71,86951574,9
72,2059976614,9
73,2060955427,9
74,164363253,9
75,720925617,9
76,776542780,9
77,1855343344,9
78,1941170860,9
79,2136149995,9
80,1036311196,9
81,896369287,9
82,234916919,9
83,2051392863,9
84,747963071,9
85,1347718500,9
86,50553198,9
87,48570129,9
88,1820887495,9
89,2128075980,9
90,1688430617,9
91,675656357,9
92,303859399,9
93,1923164724,9
94,253059950,9
95,2030962392,9
96,398996224,9
97,1496173188,9
98,1313169253,9
99,851556978,9
100,154870517,9
1,1681835098,10
2,6964710,10
3,2044481441,10
4,102580661,10
5,1592937861,10
6,566493094,10
7,1715946400,10
8,1400026353,10
9,1178587566,10
10,675639064,10
11,901662930,10
12,21854779,10
13,1933096746,10
14,411912068,10
15,189741504,10
16,90412605,10
17,1324972441,10
18,1909829337,10
19,2000002836,10
20,1469651669,10
21,2025289936,10
22,536535850,10
23,828269050,10
24,517167567,10
25,1070453923,10
26,1772749924,10
27,429218093,10
28,1979877061,10
29,1023562073,10
30,114109410,10
31,1149736436,10
32,1320176973,10
33,1404226512,10
34,894785566,10
35,86217267,10
36,1825832473,10
37,1486523017,10
38,1498587072,10
39,908771,10
40,938923622,10
41,1890949367,10
42,1405706229,10
43,425160089,10
44,617494904,10
45,2046760449,10
46,1022142757,10
47,1021349988,10
48,1172124855,10
49,508840496,10
50,110093146,10
51,300568223,10
52,1371115164,10
53,1092524867,10
54,1791858376,10
55,813478672,10
56,1144625337,10
57,1597321294,10
58,20332983,10
59,1078958890,10
60,250858864,10
61,455083715,10
62,173169732,10
63,484955781,10
64,796576075,10
65,336119212,10
66,985781950,10
67,1380946111,10
68,46442210,10
69,1932232512,10
70,1680282272,10
71,2129769129,10
72,458876117,10
73,230249242,10
74,1528050190,10
75,1701573306,10
76,1441365469,10
77,758499358,10
78,1925596154,10
79,1476922667,10
80,2062586335,10
81,343692843,10
82,174959812,10
83,1662268787,10
84,1047772751,10
85,1389630252,10
86,2043089991,10
87,2064835349,10
88,1986226645,10
89,99245115,10
90,1986395312,10
91,1357860326,10
92,598452451,10
93,1785674335,10
94,1334885348,10
95,1727887948,10
96,267095103,10
97,1283083353,10
98,1984087964,10
99,1411974387,10
100,2114614993,10
1,2014529150,11
2,976475500,11
3,1892656030,11
4,981949766,11
5,646582013,11
6,309193829,11
7,776048876,11
8,372200107,11
9,837685665,11
10,380351539,11
11,435031230,11
12,1458450153,11
13,539637999,11
14,921054819,11
15,408908519,11
16,1772498,11
17,1000242245,11
18,1260006109,11
19,1489944362,11
20,669500235,11
21,1467015054,11
22,132470139,11
23,1455932739,11
24,2064306980,11
25,415623609,11
26,192178199,11
27,340759251,11
28,1512449590,11
29,482940823,11
30,863664402,11
31,327994759,11
32,1350458514,11
33,236524448,11
34,1231817907,11
35,682689550,11
36,173266128,11
37,1493514537,11
38,1485005955,11
39,1254986137,11
40,1383828736,11
41,641507622,11
42,1224439049,11
43,224386379,11
44,910660006,11
45,588851528,11
46,608265598,11
47,159075987,11
48,1742100933,11
49,1947382446,11
50,764743853,11
51,920265667,11
52,559559860,11
53,1742241570,11
54,188716645,11
55,848504932,11
56,755466759,11
57,1341692045,11
58,1832327974,11
59,881352620,11
60,556300169,11
61,1397219076,11
62,1957116502,11
63,178361598,11
64,849094165,11
65,54674537,11
66,171835609,11
67,737775184,11
68,2022169228,11
69,1220184975,11
70,869786237,11
71,1196872168,11
72,1707457432,11
73,27198724,11
74,257553143,11
75,762146249,11
76,730573575,11
77,517599250,11
78,474562111,11
79,1845381158,11
80,383962379,11
81,1119749354,11
82,2136085083,11
83,1478601998,11
84,1127209129,11
85,1036901435,11
86,1086196777,11
87,1347017171,11
88,1939543099,11
89,1217920276,11
90,431076693,11
91,730902442,11
92,1495696272,11
93,883288765,11
94,2002255173,11
95,260503746,11
96,529037400,11
97,434197296,11
98,839432799,11
99,1364908863,11
100,978111249,11
1,1439142387,12
2,1558133480,12
3,354057732,12
4,849419108,12
5,474546372,12
6,1521212892,12
7,5046983,12
8,2106745516,12
9,2070353147,12
10,612559457,12
11,1567465702,12
12,1375710245,12
13,178662118,12
14,616968595,12
15,1061180537,12
16,266777415,12
17,2028658657,12
18,180900657,12
19,838567439,12
20,45478678,12
21,241424065,12
22,337922656,12
23,932892338,12
24,1775870175,12
25,723608646,12
26,1019647182,12
27,1916627162,12
28,964662423,12
29,660683171,12
30,1432771512,12
31,947842962,12
32,839688776,12
33,757075983,12
34,1568808182,12
35,1048354210,12
36,590478134,12
37,508701810,12
38,1907971966,12
39,1463807232,12
40,1764348432,12
41,719525625,12
42,470056800,12
43,225629232,12
44,569614605,12
45,797909094,12
46,1218597967,12
47,641309076,12
48,158823085,12
49,810908376,12
50,1716796268,12
51,1537948431,12
52,15356118,12
53,1861724371,12
54,1642949973,12
55,1763904366,12
56,1504946893,12
57,2063948812,12
58,892746533,12
59,572798398,12
60,623111530,12
61,1193034559,12
62,1830537442,12
63,1297353629,12
64,464272905,12
65,888245184,12
66,1692916627,12
67,573972580,12
68,1454650750,12
69,466217189,12
70,2036940103,12
71,290299523,12
72,163694955,12
73,302056567,12
74,914348720,12
75,1792882975,12
76,1562392507,12
77,2097510798,12
78,1190637615,12
79,976751057,12
80,1799019597,12
81,1119247839,12
82,963313782,12
83,823479152,12
84,498755763,12
85,460554715,12
86,904951322,12
87,241791166,12
88,483274667,12
89,687705422,12
90,974065522,12
91,844206458,12
92,478842120,12
93,398240083,12
94,678274856,12
95,1459669048,12
96,1195682366,12
97,2041585735,12
98,735955428,12
99,342819386,12
100,967644640,12
1,1270669687,13
2,1749226132,13
3,1035519303,13
4,687147775,13
5,880378882,13
6,981560554,13
7,1164558740,13
8,108738670,13
9,1054452481,13
10,688418047,13
11,2115588279,13
12,1748008247,13
13,1754137908,13
14,1562491207,13
15,1795519049,13
16,623083484,13
17,191353782,13
18,218672368,13
19,1180657897,13
20,2031956260,13
21,2109052645,13
22,526193764,13
23,131094125,13
24,1332598473,13
25,30181791,13
26,129454200,13
27,1466682212,13
28,2002967163,13
29,647654402,13
30,1343365417,13
31,621557763,13
32,1567570928,13
33,1960878687,13
34,1622231155,13
35,173743471,13
36,1419038822,13
37,49480995,13
38,2128150836,13
39,161756104,13
40,1495070868,13
41,1749554562,13
42,355850372,13
43,364273681,13
44,1409665120,13
45,1041699568,13
46,418242189,13
47,80874649,13
48,1701958876,13
49,918330750,13
50,763777320,13
51,331815012,13
52,1586294719,13
53,97409389,13
54,1067532630,13
55,1861714219,13
56,36064696,13
57,787568929,13
58,905405637,13
59,1275414918,13
60,1119116479,13
61,757710608,13
62,138604448,13
63,489888843,13
64,1521630926,13
65,878083676,13
66,665089520,13
67,1507769270,13
68,1208154845,13
69,1930302450,13
70,1286455314,13
71,713199597,13
72,1085777396,13
73,1261704537,13
74,4653185,13
75,513694852,13
76,244374546,13
77,989297642,13
78,2140375352,13
79,784852184,13
80,2010855541,13
81,418221633,13
82,672864125,13
83,1559053697,13
84,1560023809,13
85,595460958,13
86,1543016812,13
87,1373362462,13
88,1724889716,13
89,458995580,13
90,1009221389,13
91,593944806,13
92,243090682,13
93,898047712,13
94,538165316,13
95,1328285826,13
96,1639987132,13
97,292513564,13
98,2046573732,13
99,75879876,13
100,419294633,13
1,1350546837,14
2,1399227534,14
3,49249159,14
4,1893750060,14
5,1272312539,14
6,1510559500,14
7,1256814870,14
8,120865310,14
9,10355757,14
10,630988111,14
11,927227205,14
12,402566013,14
13,133898763,14
14,330558632,14
15,1660856543,14
16,639321250,14
17,20428959,14
18,1665110020,14
19,163432135,14
20,880425214,14
21,1392868763,14
22,1906557679,14
23,399926969,14
24,963016,14
25,203688439,14
26,1455742255,14
27,626841995,14
28,1528680583,14
29,1710176321,14
30,22872879,14
31,1665772983,14
32,48945608,14
33,1260077378,14
34,877509608,14
35,732808316,14
36,1669730006,14
37,737943292,14
38,1850494440,14
39,1156494466,14
40,992731546,14
41,696179720,14
42,1923834108,14
43,245503996,14
44,530093648,14
45,280533924,14
46,166928003,14
47,1334124724,14
48,1135661860,14
49,442373101,14
50,2023747014,14
51,1614185088,14
52,1225858432,14
53,1229841941,14
54,754744745,14
55,445737883,14
56,1416015328,14
57,2058926155,14
58,470333715,14
59,1086486527,14
60,1642314530,14
61,1413100356,14
62,627431118,14
63,809694574,14
64,557487515,14
65,658298913,14
66,603431860,14
67,839726575,14
68,664052726,14
69,1027724827,14
70,1207496087,14
71,672724180,14
72,230150575,14
73,583627398,14
74,332412671,14
75,1399554810,14
76,1450859385,14
77,1718039690,14
78,1275107979,14
79,661756854,14
80,573751344,14
81,142305,14
82,2087581511,14
83,55626037,14
84,1081430519,14
85,657083359,14
86,1171870612,14
87,1569234004,14
88,1859153615,14
89,450178282,14
90,354620350,14
91,317842150,14
92,1928539247,14
93,1498823002,14
94,850978538,14
95,1714631164,14
96,2038761738,14
97,888938217,14
98,535325488,14
99,1936173839,14
100,469810331,14
1,954113610,15
2,1129892481,15
3,134757420,15
4,1756856535,15
5,434569384,15
6,618189241,15
7,167883850,15
8,1955516390,15
9,1629952720,15
10,1315873866,15
11,1254512612,15
12,1571263240,15
13,1424165252,15
14,879368146,15
15,757465266,15
16,459378294,15
17,1508015959,15
18,350257965,15
19,1744442271,15
20,492499789,15
21,1278695167,15
22,1996445712,15
23,1689252766,15
24,1783358158,15
25,1915513613,15
26,630486659,15
27,100762916,15
28,934585334,15
29,956309171,15
30,1958878273,15
31,355110439,15
32,1599356031,15
33,2003857632,15
34,1515026208,15
35,1222003789,15
36,84887597,15
37,1487499905,15
38,1628662231,15
39,1787168768,15
40,1738726115,15
41,1925480137,15
42,1476881701,15
43,1308247606,15
44,354792747,15
45,1350130530,15
46,1348906291,15
47,1839606023,15
48,871238825,15
49,1533318734,15
50,2027524267,15
51,605946198,15
52,1523676463,15
53,704824312,15
54,1883183776,15
55,15801364,15
56,1527159,15
57,183825395,15
58,1999138776,15
59,942879698,15
60,995180247,15
61,1132985931,15
62,1345800506,15
63,488514395,15
64,1414298407,15
65,1800622426,15
66,1518420174,15
67,1564090754,15
68,241751467,15
69,1448149054,15
70,190198556,15
71,1513539320,15
72,1175418721,15
73,433898147,15
74,411751562,15
75,1225385090,15
76,1849181385,15
77,75924563,15
78,1997634479,15
79,1909839100,15
80,1103741361,15
81,113231221,15
82,901842551,15
83,1440366267,15
84,2018111062,15
85,1274894977,15
86,610496263,15
87,1525205478,15
88,2136406549,15
89,1247420204,15
90,377562970,15
91,2011305757,15
92,1371393693,15
93,1092279106,15
94,214290250,15
95,544929550,15
96,146066330,15
97,187950416,15
98,1732122676,15
99,1078156073,15
100,1760761071,15
1,301733375,16
2,480690965,16
3,1787243553,16
4,428290860,16
5,1260958910,16
6,1002182253,16
7,470814482,16
8,316250733,16
9,1088334856,16
10,2009562532,16
11,441643949,16
12,1508738696,16
13,1173655058,16
14,434976285,16
15,351593837,16
16,990646536,16
17,84708533,16
18,1961896982,16
19,1911299789,16
20,1214959393,16
21,1726833345,16
22,1345997940,16
23,87862005,16
24,1837191262,16
25,484724665,16
26,1118404152,16
27,48384720,16
28,1979304889,16
29,1465735034,16
30,1850685079,16
31,1314696363,16
32,254332847,16
33,1318199578,16
34,1692080246,16
35,687503479,16
36,1531701278,16
37,2003562394,16
38,54508309,16
39,72195314,16
40,1460089175,16
41,1239441618,16
42,1389974913,16
43,879482120,16
44,1845186890,16
45,767139040,16
46,1065199025,16
47,702439612,16
48,152336502,16
49,276501940,16
50,644828242,16
51,1654344915,16
52,603656732,16
53,1378450526,16
54,1319290115,16
55,1206561594,16
56,1377132482,16
57,1333787308,16
58,536751509,16
59,1374935285,16
60,56837404,16
61,379934633,16
62,2033246960,16
63,448943024,16
64,740091341,16
65,1377296241,16
66,1584237977,16
67,292121036,16
68,1685703237,16
69,287596022,16
70,1590746721,16
71,439887416,16
72,1673840002,16
73,353410987,16
74,218458023,16
75,1517947982,16
76,1464531353,16
77,55541668,16
78,70394023,16
79,83068938,16
80,2144537679,16
81,804583069,16
82,1131751331,16
83,1138388602,16
84,510525450,16
85,43551812,16
86,1141778180,16
87,898594462,16
88,1827397738,16
89,1788292551,16
90,741554965,16
91,168825538,16
92,2064952201,16
93,195502631,16
94,1103709052,16
95,270435073,16
96,1035139693,16
97,837562774,16
98,899306670,16
99,1337349754,16
100,318736253,16
1,1140636855,17
2,133849866,17
3,316928096,17
4,647327607,17
5,1681236769,17
6,785099241,17
7,833491990,17
8,1407202843,17
9,1223941851,17
10,463862532,17
11,1810750074,17
12,74662776,17
13,886010133,17
14,171863824,17
15,1694851193,17
16,698959593,17
17,611713602,17
18,104406220,17
19,1365947188,17
20,212049596,17
21,723430200,17
22,1950388988,17
23,1651429803,17
24,1997156760,17
25,1900411221,17
26,1584235913,17
27,126309544,17
28,1166600425,17
29,1566626103,17
30,157369757,17
31,1434663913,17
32,1332068218,17
33,1158967162,17
34,439706299,17
35,1799693265,17
36,961537513,17
37,1168385230,17
38,2076558027,17
39,1405170134,17
40,673735265,17
41,29123143,17
42,1355022116,17
43,522176447,17
44,1490590660,17
45,1667650133,17
46,58382693,17
47,864501120,17
48,1135307305,17
49,2030259335,17
50,1002585662,17
51,294019904,17
52,1139530033,17
53,1461502400,17
54,211179674,17
55,1307502755,17
56,1051875152,17
57,842566066,17
58,938344409,17
59,562275118,17
60,1069109341,17
61,1518319941,17
62,233570174,17
63,588573192,17
64,537248581,17
65,1809532808,17
66,201287650,17
67,539709015,17
68,308868699,17
69,1086239381,17
70,1806823189,17
71,1971583109,17
72,1619785680,17
73,1347245079,17
74,1476017285,17
75,238290846,17
76,1128359015,17
77,425234133,17
78,1160937911,17
79,1163794798,17
80,1717530692,17
81,155110792,17
82,952150167,17
83,1422419830,17
84,165455503,17
85,645196481,17
86,823523243,17
87,819764851,17
88,2040427999,17
89,479615951,17
90,951748031,17
91,1898393620,17
92,1019970982,17
93,855610281,17
94,264712952,17
95,26095341,17
96,940358699,17
97,1896310164,17
98,811977434,17
99,1233096416,17
100,53129888,17
1,281814739,18
2,1482983655,18
3,1698472515,18
4,145540155,18
5,1661312676,18
6,2008307562,18
7,258620583,18
8,212634364,18
9,953850580,18
10,39117837,18
11,1022675961,18
12,458969114,18
13,1144781376,18
14,613641131,18
15,1759182512,18
16,841814283,18
17,708167392,18
18,1199197590,18
19,1394314449,18
20,50464130,18
21,1185127496,18
22,1534618754,18
23,979403129,18
24,1813624044,18
25,609293568,18
26,1737646342,18
27,2001628389,18
28,1099493145,18
29,1302619958,18
30,1457016131,18
31,1311870933,18
32,32285352,18
33,1368916329,18
34,2090357601,18
35,477824367,18
36,249220830,18
37,112846970,18
38,1249082454,18
39,1421256955,18
40,353418463,18
41,82005185,18
42,2122346902,18
43,1451430804,18
44,57722326,18
45,929806967,18
46,1881629014,18
47,1776479373,18
48,970896607,18
49,1687458943,18
50,971692091,18
51,357100608,18
52,1777941146,18
53,1294413167,18
54,1446512376,18
55,1993711915,18
56,1143488019,18
57,392765855,18
58,1678750067,18
59,1327252648,18
60,1721083359,18
61,965708353,18
62,511401058,18
63,1467924666,18
64,1887944973,18
65,1282128492,18
66,291258625,18
67,1543582004,18
68,1207073172,18
69,393050778,18
70,1168042374,18
71,390087758,18
72,158989093,18
73,769345179,18
74,975493066,18
75,502135988,18
76,575806732,18
77,1516722018,18
78,2042079822,18
79,1979266351,18
80,791522320,18
81,451571203,18
82,2062011613,18
83,160537709,18
84,1533955065,18
85,235998776,18
86,287110445,18
87,162010180,18
88,1152959677,18
89,249536865,18
90,1740804653,18
91,1810748010,18
92,2040580019,18
93,481099292,18
94,866622982,18
95,1403245952,18
96,779717805,18
97,1960373817,18
98,922233708,18
99,714186427,18
100,85742724,18
1,665256291,19
2,982983667,19
3,528351202,19
4,1506936928,19
5,1923502471,19
6,105304352,19
7,1583578420,19
8,2127241570,19
9,1596827329,19
10,549905688,19
11,499762920,19
12,1220979635,19
13,1351497943,19
14,1293053455,19
15,629224961,19
16,770558300,19
17,301299118,19
18,1820939497,19
19,1915722530,19
20,77248966,19
21,1026173879,19
22,1706465210,19
23,1331354744,19
24,1448425967,19
25,596490675,19
26,2016510466,19
27,561998102,19
28,67856455,19
29,582385844,19
30,1758450274,19
31,910877511,19
32,2112330648,19
33,2113677891,19
34,399667900,19
35,768599560,19
36,343758387,19
37,1038716374,19
38,2064723280,19
39,384497243,19
40,127788157,19
41,435037513,19
42,927045695,19
43,460372393,19
44,1406433769,19
45,201602759,19
46,1295111530,19
47,664680964,19
48,1506922796,19
49,2143691331,19
50,1125651575,19
51,760136446,19
52,72085496,19
53,1233056163,19
54,78299226,19
55,1014557095,19
56,1255269787,19
57,1205659036,19
58,1943736613,19
59,1890399818,19
60,1191885577,19
61,1566448671,19
62,474450743,19
63,846094943,19
64,782739664,19
65,2076717615,19
66,1440668952,19
67,959314063,19
68,398025687,19
69,1718907895,19
70,280217149,19
71,1417312963,19
72,1670988274,19
73,1669747063,19
74,1065696871,19
75,598723045,19
76,1846133291,19
77,1347767616,19
78,216681850,19
79,1409826109,19
80,949646284,19
81,457713744,19
82,1610869623,19
83,791870275,19
84,388816145,19
85,1348059815,19
86,788569647,19
87,391486269,19
88,1199339898,19
89,2011901379,19
90,776022113,19
91,1769488811,19
92,1857589807,19
93,1941574834,19
94,2017979257,19
95,640932055,19
96,944891098,19
97,1020796986,19
98,1442525770,19
99,1711437953,19
100,1141052411,19
1,427865787,20
2,1916644232,20
3,1961513719,20
4,1088431228,20
5,30579723,20
6,1096274507,20
7,1208488286,20
8,1747473354,20
9,1236181969,20
10,2067044404,20
11,1707218837,20
12,503363955,20
13,1377860492,20
14,250072003,20
15,1233371504,20
16,1602648662,20
17,1876025463,20
18,2103149229,20
19,678221091,20
20,1155271652,20
21,399186135,20
22,1824871134,20
23,1976776338,20
24,2096694204,20
25,1377447983,20
26,1251038274,20
27,1745847906,20
28,537573759,20
29,989293548,20
30,1988882171,20
31,22309945,20
32,1930421946,20
33,328610578,20
34,1270731679,20
35,749952431,20
36,1184345392,20
37,2090399313,20
38,953025679,20
39,774745987,20
40,1017890441,20
41,1092476143,20
42,1943735344,20
43,1455521620,20
44,1420528563,20
45,997093478,20
46,1276099980,20
47,154117102,20
48,232244653,20
49,1527242571,20
50,1884554020,20
51,1651582817,20
52,2062482895,20
53,660718831,20
54,921770138,20
55,1783852858,20
56,539465088,20
57,1001255454,20
58,395789445,20
59,960021073,20
60,1594186507,20
61,1349499955,20
62,1712199831,20
63,230204695,20
64,1973837467,20
65,1663166532,20
66,1382670112,20
67,754971810,20
68,734469683,20
69,2146083645,20
70,1178533698,20
71,160073539,20
72,448120166,20
73,1518653606,20
74,2103954150,20
75,1282894533,20
76,1652488828,20
77,721171841,20
78,106739125,20
79,391005341,20
80,105185314,20
81,1457228867,20
82,1773478130,20
83,899131028,20
84,1795461459,20
85,430952754,20
86,1301263637,20
87,1767487943,20
88,279606951,20
89,1960478903,20
90,1669293110,20
91,878858885,20
92,68771920,20
93,1098558554,20
94,338552268,20
95,1231830376,20
96,736772735,20
97,1371814262,20
98,469891277,20
99,1141584315,20
100,1656763939,20
1,1315569208,21
2,1126253914,21
3,1538529455,21
4,2021304328,21
5,1755856499,21
6,1140403652,21
7,421237654,21
8,1093696899,21
9,1628831408,21
10,1024626072,21
11,1133376151,21
12,471178744,21
13,2088518281,21
14,1826296878,21
15,372830080,21
16,1969705581,21
17,1898447858,21
18,111862266,21
19,1623863240,21
20,931803053,21
21,155020831,21
22,1293565640,21
23,1926218639,21
24,259301245,21
25,1195881444,21
26,719506639,21
27,1078997113,21
28,1776010678,21
29,631643643,21
30,488699074,21
31,1561040279,21
32,247934317,21
33,2103537542,21
34,602416004,21
35,1728817172,21
36,944106081,21
37,679177412,21
38,1982601843,21
39,1520436975,21
40,860672002,21
41,2079009664,21
42,121881912,21
43,100207571,21
44,2136286513,21
45,384413156,21
46,557460401,21
47,1548250990,21
48,1751647290,21
49,37418068,21
50,1329455446,21
51,1727004793,21
52,636875056,21
53,2104739512,21
54,180872299,21
55,1792634694,21
56,1882501338,21
57,2059982097,21
58,1173484647,21
59,98319215,21
60,1448950308,21
61,317001921,21
62,972356442,21
63,320630672,21
64,1204457360,21
65,1048011490,21
66,1482984755,21
67,580418760,21
68,743841095,21
69,978835459,21
70,228873204,21
71,47555301,21
72,1077611925,21
73,1530104251,21
74,710238779,21
75,437757102,21
76,353131056,21
77,1367927597,21
78,1219637822,21
79,1712423514,21
80,133908478,21
81,1357116824,21
82,939686940,21
83,2105329151,21
84,213301000,21
85,1131351183,21
86,425417333,21
87,239035002,21
88,117569787,21
89,70367635,21
90,719246339,21
91,345678015,21
92,422433112,21
93,1765573760,21
94,1237750390,21
95,1457454855,21
96,15750807,21
97,441861890,21
98,978917788,21
99,1972083316,21
100,1451551098,21
1,1625681657,22
2,332955433,22
3,991555371,22
4,585525832,22
5,1591246771,22
6,865240067,22
7,766054648,22
8,1698515775,22
9,1434988576,22
10,1896836154,22
11,342902906,22
12,384081366,22
13,531129861,22
14,90303734,22
15,665154384,22
16,143233540,22
17,2003212948,22
18,926011429,22
19,708841767,22
20,724124777,22
21,1399671302,22
22,1349326508,22
23,1031102867,22
24,1012387728,22
25,1694287182,22
26,354714600,22
27,2144442205,22
28,341936894,22
29,45256405,22
30,1844970319,22
31,738306742,22
32,252027009,22
33,626774731,22
34,962312190,22
35,1508115426,22
36,271838209,22
37,985396065,22
38,1250862423,22
39,991245061,22
40,1437885654,22
41,2047159665,22
42,1192985642,22
43,207677481,22
44,1608926627,22
45,720484792,22
46,456134366,22
47,1956174432,22
48,1099160555,22
49,1405363358,22
50,1893027312,22
51,1918269468,22
52,1557200279,22
53,1390503047,22
54,1038655822,22
55,428119393,22
56,1235752913,22
57,1188280851,22
58,1126380274,22
59,446015876,22
60,54291108,22
61,188813270,22
62,1576655025,22
63,1394259712,22
64,669068506,22
65,1334204008,22
66,718855409,22
67,543681816,22
68,1970742592,22
69,1695137843,22
70,2132721598,22
71,308666645,22
72,2072086905,22
73,201666389,22
74,105043776,22
75,553257053,22
76,1324365129,22
77,1071855215,22
78,306785295,22
79,1015053834,22
80,1588265449,22
81,415418065,22
82,1994813767,22
83,1800687577,22
84,939994640,22
85,2088310651,22
86,396212577,22
87,714685404,22
88,1161038493,22
89,1692020692,22
90,74797957,22
91,1860135282,22
92,1595702027,22
93,54539679,22
94,1676190836,22
95,1790918697,22
96,1006487935,22
97,47821531,22
98,1935259294,22
99,409554957,22
100,130920114,22
1,27429314,23
2,760019812,23
3,2109505138,23
4,18572659,23
5,945963671,23
6,1433697843,23
7,863990548,23
8,1058379510,23
9,629589963,23
10,1115789417,23
11,699284254,23
12,1713990248,23
13,259031560,23
14,93582032,23
15,971655098,23
16,1047939547,23
17,2073036951,23
18,1832634917,23
19,1313593371,23
20,1475224376,23
21,981680393,23
22,456411916,23
23,1901582257,23
24,2021950904,23
25,328127838,23
26,290866138,23
27,1627405541,23
28,398364215,23
29,252287817,23
30,1231870570,23
31,2097495996,23
32,512461782,23
33,649555355,23
34,327789764,23
35,651603227,23
36,1167629295,23
37,822224310,23
38,774438891,23
39,1680246294,23
40,323780890,23
41,431313045,23
42,290726244,23
43,908709567,23
44,776301465,23
45,2018901688,23
46,1035256627,23
47,620424395,23
48,1073680983,23
49,1256072429,23
50,432850227,23
51,467962005,23
52,2020224510,23
53,1560231961,23
54,1079533152,23
55,987726121,23
56,441263243,23
57,1395530638,23
58,1174890737,23
59,1156483412,23
60,1446436599,23
61,2108266767,23
62,348403870,23
63,554755426,23
64,1432407450,23
65,1488775238,23
66,444357434,23
67,794622199,23
68,1516907943,23
69,80794662,23
70,1700620110,23
71,1965031018,23
72,2068013673,23
73,1295711866,23
74,983591065,23
75,962698524,23
76,617800545,23
77,1111255992,23
78,2055780446,23
79,2041879588,23
80,350773722,23
81,226181141,23
82,680726703,23
83,161075052,23
84,1439197724,23
85,874859801,23
86,1733488982,23
87,2140791198,23
88,1055134766,23
89,2075301969,23
90,1507462306,23
91,1330460703,23
92,1796077398,23
93,2094239386,23
94,661440620,23
95,1161986249,23
96,39073130,23
97,2125881661,23
98,2026077051,23
99,1429489471,23
100,1023833032,23
1,1637578622,24
2,1339747936,24
3,1223104557,24
4,1850570106,24
5,1675702709,24
6,1496543091,24
7,347573688,24
8,46271288,24
9,1242665278,24
10,1091348450,24
11,1345989315,24
12,2098382528,24
13,1456572082,24
14,811121088,24
15,1605319317,24
16,619316611,24
17,562484549,24
18,982364020,24
19,978273693,24
20,2036970176,24
21,564600587,24
22,410389411,24
23,895081331,24
24,938557712,24
25,223480163,24
26,1175022228,24
27,207867245,24
28,1323804433,24
29,520913090,24
30,1109590697,24
31,2034721548,24
32,26731359,24
33,1670703433,24
34,633141100,24
35,508798108,24
36,1728481438,24
37,1286134929,24
38,1096062390,24
39,914659121,24
40,1435083001,24
41,2087151865,24
42,1696094392,24
43,1328962497,24
44,563796343,24
45,1332554430,24
46,1064672347,24
47,900651286,24
48,1456087906,24
49,1612518885,24
50,790802513,24
51,2041139631,24
52,541658591,24
53,1620932201,24
54,1179699226,24
55,1628059588,24
56,657610573,24
57,1695531566,24
58,210756203,24
59,1407124960,24
60,609236311,24
61,1662214436,24
62,668022697,24
63,944653811,24
64,1048390773,24
65,78872889,24
66,456866349,24
67,635890768,24
68,1978445312,24
69,1020925802,24
70,1144559099,24
71,10410110,24
72,110382966,24
73,1584213652,24
74,1101490222,24
75,889336625,24
76,217877076,24
77,1997520916,24
78,2057006188,24
79,1826355936,24
80,246373937,24
81,2096539408,24
82,772220839,24
83,1434355649,24
84,1448885821,24
85,2042905744,24
86,1575583940,24
87,711220033,24
88,585781391,24
89,46028742,24
90,522088519,24
91,532302859,24
92,72918792,24
93,1554422661,24
94,1324089411,24
95,545090581,24
96,432373261,24
97,662922175,24
98,1400061080,24
99,1471464988,24
100,684429209,24
1,1012429364,25
2,1843393176,25
3,1816826100,25
4,703461113,25
5,1267406411,25
6,117630758,25
7,2031870503,25
8,463443866,25
9,1575572011,25
10,991698334,25
11,1288167260,25
12,1913718525,25
13,1955072726,25
14,1520515032,25
15,1126213195,25
16,453941846,25
17,1191811253,25
18,1196637032,25
19,934545893,25
20,121563244,25
21,556020564,25
22,732098864,25
23,1234947435,25
24,1921098660,25
25,531724882,25
26,389113618,25
27,779047560,25
28,438596234,25
29,1433166625,25
30,897054692,25
31,1437399886,25
32,1082760080,25
33,1161632011,25
34,1152353808,25
35,1466110984,25
36,390233768,25
37,1675443380,25
38,143229849,25
39,946540515,25
40,1535435378,25
41,353017480,25
42,602062320,25
43,1707079570,25
44,34165462,25
45,281960798,25
46,959771779,25
47,1015082956,25
48,733749120,25
49,317763959,25
50,1873954053,25
51,599987877,25
52,67460164,25
53,774477374,25
54,1630547911,25
55,1063649657,25
56,992351151,25
57,224227780,25
58,828295005,25
59,514122817,25
60,935338195,25
61,1224673093,25
62,374595956,25
63,350613396,25
64,1422282709,25
65,762331906,25
66,1680104183,25
67,30742537,25
68,1408854750,25
69,824875152,25
70,548281010,25
71,602059069,25
72,745427785,25
73,677852158,25
74,198280239,25
75,1363952035,25
76,1630033053,25
77,1071277142,25
78,1852448385,25
79,1782775945,25
80,2110673088,25
81,2127974559,25
82,1182187050,25
83,1060865108,25
84,1927896078,25
85,1442763377,25
86,336017648,25
87,1649269471,25
88,1240624588,25
89,1225045867,25
90,134218314,25
91,633421190,25
92,518117339,25
93,1465285249,25
94,997284599,25
95,1896280577,25
96,1627038969,25
97,693816486,25
98,1554726593,25
99,1035284581,25
100,394777763,25
1,1064729950,26
2,400288970,26
3,1872391782,26
4,207416669,26
5,662960789,26
6,154249678,26
7,714507188,26
8,1849682516,26
9,116697218,26
10,116795113,26
11,1515552940,26
12,822264244,26
13,194498699,26
14,461379976,26
15,1235344184,26
16,1815491014,26
17,1779745906,26
18,116724631,26
19,1614607289,26
20,440745130,26
21,2137762720,26
22,1011980531,26
23,1344894887,26
24,1961661151,26
25,1588282612,26
26,22498476,26
27,745002086,26
28,798275782,26
29,1938328888,26
30,784786984,26
31,1754856675,26
32,1507580196,26
33,500767634,26
34,1309621336,26
35,1022701518,26
36,1694043881,26
37,179049480,26
38,1102441590,26
39,267931368,26
40,1519427607,26
41,1322165779,26
42,548252566,26
43,588478472,26
44,880824562,26
45,1582677936,26
46,1264343952,26
47,1537310293,26
48,1805255286,26
49,1484593469,26
50,840116061,26
51,1363700311,26
52,1375897484,26
53,994459103,26
54,787835891,26
55,1463893398,26
56,1053092721,26
57,1480193699,26
58,1995401139,26
59,389545371,26
60,1351615782,26
61,229717118,26
62,1978475833,26
63,771136208,26
64,1524012563,26
65,2142772007,26
66,333160317,26
67,1577574145,26
68,1284241501,26
69,1959180756,26
70,2071098576,26
71,199484125,26
72,2104464022,26
73,1278294762,26
74,927781244,26
75,647453764,26
76,1658309041,26
77,660758257,26
78,2000145454,26
79,1933352741,26
80,1614521680,26
81,1298444787,26
82,1179861155,26
83,963700289,26
84,904976200,26
85,834063332,26
86,274898551,26
87,760918427,26
88,478186769,26
89,2070445936,26
90,301167029,26
91,1158542646,26
92,360550334,26
93,456810011,26
94,112133889,26
95,1273493561,26
96,1813413954,26
97,879105131,26
98,946099314,26
99,737465973,26
100,1894984191,26
1,529698093,27
2,444666069,27
3,778368962,27
4,1044060125,27
5,1056298513,27
6,78071284,27
7,28029845,27
8,450296791,27
9,1973821710,27
10,1624904027,27
11,1937992673,27
12,187183137,27
13,565588939,27
14,1956138553,27
15,1305275083,27
16,582364591,27
17,2035136652,27
18,374459734,27
19,2139266830,27
20,1315164043,27
21,707015745,27
22,1785215292,27
23,443523551,27
24,115703873,27
25,284878435,27
26,903744920,27
27,502100031,27
28,310742554,27
29,662963724,27
30,911301382,27
31,227441214,27
32,2134149721,27
33,922497450,27
34,1472783860,27
35,231216893,27
36,159203191,27
37,1667780111,27
38,752955129,27
39,1585583135,27
40,1601023153,27
41,828380035,27
42,1441020286,27
43,1100751530,27
44,1905370912,27
45,13397325,27
46,115348646,27
47,112187384,27
48,905580478,27
49,984693783,27
50,1740422166,27
51,244487745,27
52,1946526451,27
53,726973137,27
54,1903322407,27
55,1178191262,27
56,1818124192,27
57,1071388532,27
58,1352807635,27
59,2051221161,27
60,1658282342,27
61,1384815722,27
62,1442751705,27
63,1247954908,27
64,1765360055,27
65,1231299076,27
66,1281803766,27
67,1306842684,27
68,1540429388,27
69,527070768,27
70,560482508,27
71,1548837961,27
72,612911799,27
73,732855549,27
74,598705902,27
75,793230431,27
76,1785001392,27
77,328186935,27
78,1235151271,27
79,60571992,27
80,864110987,27
81,51801958,27
82,221767505,27
83,1360568550,27
84,517295519,27
85,564411965,27
86,532297165,27
87,273796066,27
88,2121607334,27
89,287731415,27
90,357304806,27
91,2068488523,27
92,1365748042,27
93,1086755070,27
94,1371731575,27
95,102203702,27
96,1738626371,27
97,185162070,27
98,329453027,27
99,1425329195,27
100,1582207304,27
1,192974867,28
2,99354580,28
3,843279142,28
4,1639313201,28
5,332885108,28
6,2134263595,28
7,1393631584,28
8,435835750,28
9,1873771545,28
10,1842628868,28
11,857859238,28
12,481260417,28
13,630922075,28
14,2089420177,28
15,463775122,28
16,37539552,28
17,359770871,28
18,917383993,28
19,286545381,28
20,1325991369,28
21,1273957329,28
22,1209668529,28
23,1505263603,28
24,1303878105,28
25,1954645038,28
26,1583580278,28
27,1104973883,28
28,1664884095,28
29,813475638,28
30,615268195,28
31,489360831,28
32,597251717,28
33,895078402,28
34,1277320483,28
35,1159809288,28
36,124239647,28
37,2008868124,28
38,975750497,28
39,758699592,28
40,1077577549,28
41,1198740558,28
42,441966680,28
43,694105446,28
44,2115129250,28
45,488487951,28
46,1617828881,28
47,713149345,28
48,1393952314,28
49,1453635020,28
50,57839952,28
51,1869292414,28
52,716490208,28
53,983165632,28
54,737004500,28
55,543104118,28
56,684798385,28
57,1186772487,28
58,281297490,28
59,695683127,28
60,2030854045,28
61,887857593,28
62,1069848707,28
63,1878711260,28
64,690268032,28
65,1850407979,28
66,1103008053,28
67,1615675811,28
68,349094813,28
69,1476896148,28
70,109874848,28
71,921934889,28
72,1877526887,28
73,102726578,28
74,687167046,28
75,1403490104,28
76,1393414551,28
77,1661399129,28
78,356270012,28
79,1485107323,28
80,1012625401,28
81,1972495332,28
82,17827803,28
83,46992928,28
84,312863001,28
85,1884522961,28
86,935183945,28
87,1412806864,28
88,2012865230,28
89,2088446876,28
90,1488952470,28
91,1924257545,28
92,308400693,28
93,1153131648,28
94,759176766,28
95,788252376,28
96,2039507205,28
97,1500122839,28
98,1141309097,28
99,1772040080,28
100,1488217935,28
1,1330625209,29
2,238619129,29
3,576772037,29
4,2126544452,29
5,528127633,29
6,134553647,29
7,1297559257,29
8,1366357292,29
9,175703157,29
10,119084496,29
11,1045856032,29
12,1891835666,29
13,66792939,29
14,1408587414,29
15,1071858040,29
16,1506747252,29
17,1961577097,29
18,1384232843,29
19,786750449,29
20,287842249,29
21,979791778,29
22,839445877,29
23,1409422708,29
24,116091507,29
25,218909871,29
26,413363511,29
27,224883692,29
28,384167762,29
29,1564751179,29
30,2040733417,29
31,1947511080,29
32,632385353,29
33,2056774083,29
34,790875391,29
35,1099733565,29
36,85036318,29
37,1951455761,29
38,742672034,29
39,1952793398,29
40,71130166,29
41,153665297,29
42,1553087907,29
43,1505601826,29
44,334809401,29
45,2031546555,29
46,711263751,29
47,15475943,29
48,804606398,29
49,1154995215,29
50,1031034917,29
51,1907176718,29
52,500541960,29
53,1743832696,29
54,2061691971,29
55,1947662229,29
56,1709179727,29
57,764580712,29
58,2028788800,29
59,105443372,29
60,956638482,29
61,998170862,29
62,851031628,29
63,565386815,29
64,2137000286,29
65,1133982476,29
66,782557891,29
67,306738739,29
68,250530085,29
69,820602239,29
70,1925618461,29
71,482264748,29
72,448417668,29
73,2011270206,29
74,1253567717,29
75,1379343244,29
76,1222303186,29
77,251519991,29
78,121617037,29
79,838542324,29
80,2117399731,29
81,1912119100,29
82,416320646,29
83,1747002730,29
84,383349185,29
85,1427506492,29
86,105587209,29
87,961624357,29
88,1677820143,29
89,1114599630,29
90,573558135,29
91,783654137,29
92,252244127,29
93,927078567,29
94,860355433,29
95,728677706,29
96,846768651,29
97,2076431016,29
98,1009669049,29
99,1749024778,29
100,1365572983,29
1,1013794107,30
2,1608082376,30
3,810261598,30
4,1975020607,30
5,990316132,30
6,1551925223,30
7,1059139318,30
8,11064891,30
9,113167885,30
10,1770658107,30
11,1798181710,30
12,1396005185,30
13,1361945285,30
14,809066176,30
15,1681626568,30
16,1218458217,30
17,2124206474,30
18,2095475889,30
19,720236908,30
20,1307031291,30
21,796841224,30
22,2077340962,30
23,1388865126,30
24,2108871493,30
25,1962414899,30
26,384402118,30
27,266901296,30
28,2124859361,30
29,377372261,30
30,1139238296,30
31,1723185312,30
32,814496360,30
33,822786436,30
34,482238522,30
35,946885795,30
36,1021800000,30
37,742045036,30
38,2043786212,30
39,154427906,30
40,414352630,30
41,2125825215,30
42,878075995,30
43,1214392269,30
44,244049311,30
45,1111571254,30
46,1060587276,30
47,698085347,30
48,2138250212,30
49,2101643587,30
50,2024465979,30
51,1190152305,30
52,867431590,30
53,1843023530,30
54,656168468,30
55,694767043,30
56,1334079534,30
57,1150068712,30
58,2118167971,30
59,29257582,30
60,1291012631,30
61,816723260,30
62,252716041,30
63,1777415468,30
64,185256697,30
65,1508182941,30
66,1297975141,30
67,1113456945,30
68,11832006,30
69,1728600845,30
70,1734627836,30
71,208717814,30
72,240807510,30
73,2146915938,30
74,1379605593,30
75,385180765,30
76,550789550,30
77,682666732,30
78,1302895600,30
79,707830155,30
80,364558694,30
81,982239515,30
82,1883560821,30
83,1351379755,30
84,915939204,30
85,1952279467,30
86,1970619191,30
87,2137653492,30
88,233098730,30
89,497199808,30
90,1356700906,30
91,542312325,30
92,128494385,30
93,1763030130,30
94,1251763528,30
95,1897967136,30
96,204926783,30
97,418693683,30
98,430242747,30
99,452640160,30
100,1823099369,30
1,1532986319,31
2,794183889,31
3,1528746351,31
4,1314905813,31
5,493512647,31
6,2116804928,31
7,2115619272,31
8,1774320899,31
9,842620601,31
10,381144977,31
11,347768479,31
12,55411304,31
13,1729724241,31
14,2115137291,31
15,1278854662,31
16,1137574112,31
17,1833592253,31
18,1047664047,31
19,41064034,31
20,366787476,31
21,218293181,31
22,492242307,31
23,1713629734,31
24,229524242,31
25,1537225657,31
26,1922483371,31
27,2126797560,31
28,263622312,31
29,1266921209,31
30,2138645391,31
31,49183342,31
32,1561169826,31
33,735329225,31
34,782352609,31
35,1144934516,31
36,1242865064,31
37,789386605,31
38,1635039177,31
39,1288434899,31
40,1994626083,31
41,278226504,31
42,2101520367,31
43,109674119,31
44,1501318067,31
45,2060257157,31
46,270625310,31
47,194515858,31
48,1274979671,31
49,621051204,31
50,752955930,31
51,834736686,31
52,326576871,31
53,447435271,31
54,968077680,31
55,614170926,31
56,765902135,31
57,1696457724,31
58,1773973644,31
59,1212703619,31
60,817204406,31
61,1581347600,31
62,1180911622,31
63,1785061941,31
64,268750769,31
65,1195398677,31
66,938671195,31
67,1089509345,31
68,545270033,31
69,1895127743,31
70,48063503,31
71,1535351621,31
72,1605475136,31
73,2050447651,31
74,1157534289,31
75,1077536616,31
76,854488538,31
77,871114358,31
78,259580535,31
79,1042693247,31
80,174005749,31
81,1430350714,31
82,639417136,31
83,56210507,31
84,1443637815,31
85,82412852,31
86,358233017,31
87,615237223,31
88,216305034,31
89,1533500659,31
90,1809383871,31
91,1278745339,31
92,1238595350,31
93,1999871384,31
94,2066846695,31
95,1457479927,31
96,1604612142,31
97,1906131860,31
98,320788525,31
99,1988118441,31
100,1660552957,31
