"survive","param.index","mutant.effect","drug.outsideConcentration.MULT","efflux.binom.param","extinction.time","extinction.time.sd","num.reps","cell.type"
1,"1",1,0,0.5,NA,NA,1000,"WT"
0.964,"2",1,0.5,0.5,30.2861450439887,19.5753127004614,1000,"WT"
0.878,"3",1,0.7,0.5,62.5154336546798,49.6882526799282,1000,"WT"
0.503,"4",1,0.9,0.5,161.306481284836,166.704694299973,1000,"WT"
0.098,"5",1,1,0.5,277.82489398172,268.158778419414,1000,"WT"
0.001,"6",1,1.1,0.5,175.431778531572,165.321249632434,1000,"WT"
0,"7",1,1.2,0.5,121.728861945754,98.0981971824257,1000,"WT"
0,"8",1,1.3,0.5,97.9816590146633,69.7441551992135,1000,"WT"
0,"9",1,1.4,0.5,84.6861592702084,58.0800844202896,1000,"WT"
0,"10",1,1.5,0.5,73.1450142807323,45.649505259115,1000,"WT"
0,"11",1,1.75,0.5,56.824194478241,32.8900643006344,1000,"WT"
0,"12",1,2,0.5,47.5562388363395,26.8430376376356,1000,"WT"
0,"13",1,2.25,0.5,41.1630425095812,22.0077012215143,1000,"WT"
0,"14",1,2.5,0.5,37.3050039988163,19.9043601862818,1000,"WT"
0,"15",1,2.75,0.5,33.8607489119296,17.6032837504295,1000,"WT"
0,"16",1,3,0.5,31.97743613841,16.0091195617298,1000,"WT"
0,"17",1,3.5,0.5,28.229598200259,14.019679246256,1000,"WT"
0,"18",1,4,0.5,25.0815755697524,12.8371803998344,1000,"WT"
0,"19",1,4.5,0.5,22.622093408913,11.2247976303048,1000,"WT"
0,"20",1,5,0.5,20.7175568793084,10.501221711414,1000,"WT"
1,"21",1,0,0.6,NA,NA,1000,"WT"
0.966,"22",1,0.5,0.6,28.5689632667851,18.7563518094857,1000,"WT"
0.903,"23",1,0.7,0.6,59.7172729039353,44.2234906199149,1000,"WT"
0.523,"24",1,0.9,0.6,155.342482609412,163.09957981013,1000,"WT"
0.103,"25",1,1,0.6,254.268352525587,258.231527363836,1000,"WT"
0,"26",1,1.1,0.6,171.729946728864,159.651901055302,1000,"WT"
0,"27",1,1.2,0.6,120.853280102865,93.5544837758859,1000,"WT"
0,"28",1,1.3,0.6,98.4962582109105,74.5027856606832,1000,"WT"
0,"29",1,1.4,0.6,81.4570729061695,53.6859770893391,1000,"WT"
0,"30",1,1.5,0.6,74.6589036342749,48.1377894653789,1000,"WT"
0,"31",1,1.75,0.6,58.6250680632423,35.8937879979927,1000,"WT"
0,"32",1,2,0.6,48.8336046822415,27.2786567303872,1000,"WT"
0,"33",1,2.25,0.6,41.7662471738821,22.8930551383214,1000,"WT"
0,"34",1,2.5,0.6,37.2793631921739,20.0962750807054,1000,"WT"
0,"35",1,2.75,0.6,35.5196717792253,18.5958306092134,1000,"WT"
0,"36",1,3,0.6,31.8739150956605,16.0759677493305,1000,"WT"
0,"37",1,3.5,0.6,27.8033574753709,14.1908069436437,1000,"WT"
0,"38",1,4,0.6,25.5903826508671,12.8099594507493,1000,"WT"
0,"39",1,4.5,0.6,23.7587395913483,12.0695739514336,1000,"WT"
0,"40",1,5,0.6,21.100282063224,10.6421196138595,1000,"WT"
1,"41",1,0,0.7,NA,NA,1000,"WT"
0.965,"42",1,0.5,0.7,41.5698580616321,30.410835388211,1000,"WT"
0.911,"43",1,0.7,0.7,64.3190507092298,60.9345253533687,1000,"WT"
0.521,"44",1,0.9,0.7,178.563011098504,187.624293394897,1000,"WT"
0.079,"45",1,1,0.7,251.27792737046,254.851263658838,1000,"WT"
0.001,"46",1,1.1,0.7,182.232787537849,169.131575244002,1000,"WT"
0,"47",1,1.2,0.7,126.616464826262,100.322031219226,1000,"WT"
0,"48",1,1.3,0.7,101.403075844272,75.6921645011599,1000,"WT"
0,"49",1,1.4,0.7,85.6244301933367,57.5592659770561,1000,"WT"
0,"50",1,1.5,0.7,73.5323111825944,46.3317234977877,1000,"WT"
0,"51",1,1.75,0.7,56.060040411193,33.5740314719012,1000,"WT"
0,"52",1,2,0.7,48.849333218712,27.463036115689,1000,"WT"
0,"53",1,2.25,0.7,42.5430746020352,23.8339704771477,1000,"WT"
0,"54",1,2.5,0.7,38.0818734018724,20.6383682472948,1000,"WT"
0,"55",1,2.75,0.7,34.5890567517345,18.264744705117,1000,"WT"
0,"56",1,3,0.7,32.5367628590333,17.0314535098014,1000,"WT"
0,"57",1,3.5,0.7,28.5877786644917,14.211280620232,1000,"WT"
0,"58",1,4,0.7,25.2663852425448,12.667290481556,1000,"WT"
0,"59",1,4.5,0.7,24.1178058216915,12.1841421142256,1000,"WT"
0,"60",1,5,0.7,21.6951483336769,10.8418059897417,1000,"WT"
1,"61",1,0,0.8,NA,NA,1000,"WT"
0.967,"62",1,0.5,0.8,34.6630093504729,28.6470631405761,1000,"WT"
0.898,"63",1,0.7,0.8,66.6626369818281,56.9862282824953,1000,"WT"
0.528,"64",1,0.9,0.8,167.129165994273,180.57102134348,1000,"WT"
0.089,"65",1,1,0.8,260.623647995943,255.866342929218,1000,"WT"
0.001,"66",1,1.1,0.8,174.058555363215,164.625437619968,1000,"WT"
0,"67",1,1.2,0.8,125.048502320795,92.7438463164073,1000,"WT"
0,"68",1,1.3,0.8,102.87659118688,74.6988968152689,1000,"WT"
0,"69",1,1.4,0.8,86.0283953144841,59.7449528643234,1000,"WT"
0,"70",1,1.5,0.8,75.9856461010672,50.4961176516745,1000,"WT"
0,"71",1,1.75,0.8,57.0010115541307,32.3250018914766,1000,"WT"
0,"72",1,2,0.8,49.4476840135114,28.0145159385388,1000,"WT"
0,"73",1,2.25,0.8,43.8134120612661,23.9252733741582,1000,"WT"
0,"74",1,2.5,0.8,37.4253708835772,19.5533322645284,1000,"WT"
0,"75",1,2.75,0.8,34.6188540536681,18.3601232452841,1000,"WT"
0,"76",1,3,0.8,32.217603130165,17.1128318745902,1000,"WT"
0,"77",1,3.5,0.8,28.6312983229262,14.621810172155,1000,"WT"
0,"78",1,4,0.8,25.5008288069699,12.9085377680766,1000,"WT"
0,"79",1,4.5,0.8,22.9945236135198,12.1752787125622,1000,"WT"
0,"80",1,5,0.8,21.968137664615,10.757383750375,1000,"WT"
1,"81",1,0,0.9,NA,NA,1000,"WT"
0.961,"82",1,0.5,0.9,28.7185586728853,27.6659136081585,1000,"WT"
0.903,"83",1,0.7,0.9,65.9271619406358,54.2838619713184,1000,"WT"
0.553,"84",1,0.9,0.9,165.977468119069,160.932399532373,1000,"WT"
0.098,"85",1,1,0.9,260.36099543419,255.2581176467,1000,"WT"
0.003,"86",1,1.1,0.9,182.566819623214,158.359401262329,1000,"WT"
0,"87",1,1.2,0.9,127.928019305595,101.535821386882,1000,"WT"
0,"88",1,1.3,0.9,102.023182890304,75.5830310207873,1000,"WT"
0,"89",1,1.4,0.9,86.2990323867465,58.6528037160272,1000,"WT"
0,"90",1,1.5,0.9,76.3731492113368,50.5183048442518,1000,"WT"
0,"91",1,1.75,0.9,59.0851356652943,35.3047747907677,1000,"WT"
0,"92",1,2,0.9,49.5496860583308,27.7998852826632,1000,"WT"
0,"93",1,2.25,0.9,45.0643450717928,24.3476126056571,1000,"WT"
0,"94",1,2.5,0.9,40.2415539230359,21.0124123870978,1000,"WT"
0,"95",1,2.75,0.9,35.7666233825322,19.3209002722443,1000,"WT"
0,"96",1,3,0.9,33.5287559038775,17.7620026801006,1000,"WT"
0,"97",1,3.5,0.9,28.3231031348181,14.5922533376862,1000,"WT"
0,"98",1,4,0.9,25.4902179559546,13.6911948371918,1000,"WT"
0,"99",1,4.5,0.9,23.6792909472863,12.1130528638195,1000,"WT"
0,"100",1,5,0.9,22.0600826573252,11.4353689469608,1000,"WT"
1,"101",1,0,1,NA,NA,1000,"WT"
0.974,"102",1,0.5,1,45.8579629320308,37.4497778988848,1000,"WT"
0.886,"103",1,0.7,1,58.2277189715579,49.2249687688639,1000,"WT"
0.553,"104",1,0.9,1,180.538184892644,177.395924583836,1000,"WT"
0.123,"105",1,1,1,282.999825610386,278.296489943855,1000,"WT"
0.001,"106",1,1.1,1,201.002732526558,182.465774787738,1000,"WT"
0,"107",1,1.2,1,135.223515714818,106.105915716436,1000,"WT"
0,"108",1,1.3,1,109.314545114657,82.511639219455,1000,"WT"
0,"109",1,1.4,1,88.5160416876367,58.2996359310468,1000,"WT"
0,"110",1,1.5,1,81.3628194342544,56.066295855285,1000,"WT"
0,"111",1,1.75,1,63.5509665285793,39.3226556165714,1000,"WT"
0,"112",1,2,1,52.2618987211536,30.153093896632,1000,"WT"
0,"113",1,2.25,1,46.2633557265952,27.4340027238847,1000,"WT"
0,"114",1,2.5,1,40.3783950398668,22.7759263815331,1000,"WT"
0,"115",1,2.75,1,36.3253776336715,20.0856088708479,1000,"WT"
0,"116",1,3,1,34.583624892855,18.0483027419987,1000,"WT"
0,"117",1,3.5,1,30.3117598842887,16.505548161598,1000,"WT"
0,"118",1,4,1,26.5992557741481,13.9248794543043,1000,"WT"
0,"119",1,4.5,1,24.3049113255706,12.3925755464578,1000,"WT"
0,"120",1,5,1,22.4280905100696,11.6330136385023,1000,"WT"
1,"1",2,0,0.5,NA,NA,1000,"REG-ON"
1,"2",10,0,0.5,NA,NA,1000,"REG-ON"
1,"3",50,0,0.5,NA,NA,1000,"REG-ON"
1,"4",200,0,0.5,NA,NA,1000,"REG-ON"
0.963,"5",2,0.5,0.5,33.5442793732995,22.1463433824404,1000,"REG-ON"
0.965,"6",10,0.5,0.5,32.7702710230895,23.7265422516949,1000,"REG-ON"
0.98,"7",50,0.5,0.5,25.5162998360576,12.3860543500676,1000,"REG-ON"
0.991,"8",200,0.5,0.5,18.9859368427861,6.14931174145443,1000,"REG-ON"
0.835,"9",2,0.7,0.5,79.2925832560163,75.2599183916492,1000,"REG-ON"
0.922,"10",10,0.7,0.5,54.6457847944165,44.6068712712895,1000,"REG-ON"
0.957,"11",50,0.7,0.5,33.4283248041031,21.7132214702653,1000,"REG-ON"
0.967,"12",200,0.7,0.5,20.1179304586812,13.0735805200463,1000,"REG-ON"
0.29,"13",2,0.9,0.5,220.901098802014,226.88768668531,1000,"REG-ON"
0.66,"14",10,0.9,0.5,100.408752160277,84.5402858294512,1000,"REG-ON"
0.91,"15",50,0.9,0.5,52.9525405820209,62.0183392022936,1000,"REG-ON"
0.945,"16",200,0.9,0.5,33.755606364859,20.923846643683,1000,"REG-ON"
0.017,"17",2,1,0.5,219.332127319033,217.814562530248,1000,"REG-ON"
0.464,"18",10,1,0.5,154.431203213887,170.264555432465,1000,"REG-ON"
0.853,"19",50,1,0.5,67.4411518930387,63.1230253646628,1000,"REG-ON"
0.904,"20",200,1,0.5,41.5461061334994,40.1381787835839,1000,"REG-ON"
0,"21",2,1.1,0.5,148.766155101179,131.426990889625,1000,"REG-ON"
0.135,"22",10,1.1,0.5,215.025175373077,218.09101947116,1000,"REG-ON"
0.788,"23",50,1.1,0.5,65.1873146350729,52.9628929147284,1000,"REG-ON"
0.892,"24",200,1.1,0.5,49.1445272301242,32.7953820329163,1000,"REG-ON"
0,"25",2,1.2,0.5,104.818439164131,79.113167634196,1000,"REG-ON"
0.006,"26",10,1.2,0.5,196.057196280931,203.21309905071,1000,"REG-ON"
0.667,"27",50,1.2,0.5,103.138630225187,103.596432246741,1000,"REG-ON"
0.833,"28",200,1.2,0.5,62.9603859395401,51.731825308928,1000,"REG-ON"
0,"29",2,1.3,0.5,90.9355623894733,64.2189479940538,1000,"REG-ON"
0,"30",10,1.3,0.5,129.174819487013,115.039481990452,1000,"REG-ON"
0.516,"31",50,1.3,0.5,116.3377239044,112.641152904218,1000,"REG-ON"
0.787,"32",200,1.3,0.5,64.0403259190688,54.8777075143822,1000,"REG-ON"
0,"33",2,1.4,0.5,76.8738209564381,50.7191601018466,1000,"REG-ON"
0,"34",10,1.4,0.5,106.876730912189,81.7339051345356,1000,"REG-ON"
0.308,"35",50,1.4,0.5,174.784032197464,200.132366162349,1000,"REG-ON"
0.682,"36",200,1.4,0.5,83.2015691324851,72.8651493298863,1000,"REG-ON"
0,"37",2,1.5,0.5,66.7653749194254,41.8159831313606,1000,"REG-ON"
0,"38",10,1.5,0.5,90.2747666774172,67.9418094336139,1000,"REG-ON"
0.113,"39",50,1.5,0.5,213.515229320916,239.071472375362,1000,"REG-ON"
0.601,"40",200,1.5,0.5,105.777489425002,97.7863681358047,1000,"REG-ON"
0,"41",2,1.75,0.5,55.4257492010073,31.8412404666694,1000,"REG-ON"
0,"42",10,1.75,0.5,69.5081746437974,46.4869668538341,1000,"REG-ON"
0,"43",50,1.75,0.5,118.661351606918,111.484981562415,1000,"REG-ON"
0.148,"44",200,1.75,0.5,193.163061375495,222.274660162286,1000,"REG-ON"
0,"45",2,2,0.5,46.4244528499588,26.3843727376863,1000,"REG-ON"
0,"46",10,2,0.5,54.5358111684717,31.6664859423525,1000,"REG-ON"
0,"47",50,2,0.5,86.1071724233526,67.0241877432756,1000,"REG-ON"
0.001,"48",200,2,0.5,142.801496334136,151.40501067836,1000,"REG-ON"
0,"49",2,2.25,0.5,42.6383485606794,21.9317709723259,1000,"REG-ON"
0,"50",10,2.25,0.5,47.1185061881648,26.9942844504174,1000,"REG-ON"
0,"51",50,2.25,0.5,70.0599035671597,48.0724505153846,1000,"REG-ON"
0,"52",200,2.25,0.5,96.407491177053,81.7006892019665,1000,"REG-ON"
0,"53",2,2.5,0.5,36.8359080193928,19.8999968738064,1000,"REG-ON"
0,"54",10,2.5,0.5,41.684194492667,23.060468597865,1000,"REG-ON"
0,"55",50,2.5,0.5,56.9657693037012,37.6965229545261,1000,"REG-ON"
0,"56",200,2.5,0.5,76.2798939933371,56.932712992929,1000,"REG-ON"
0,"57",2,2.75,0.5,33.5951998867517,16.9994376985991,1000,"REG-ON"
0,"58",10,2.75,0.5,36.9155647988223,21.6400447935214,1000,"REG-ON"
0,"59",50,2.75,0.5,50.098048605802,31.0958427728951,1000,"REG-ON"
0,"60",200,2.75,0.5,64.349341131205,46.3439614656258,1000,"REG-ON"
0,"61",2,3,0.5,31.9748523077212,16.8317253273549,1000,"REG-ON"
0,"62",10,3,0.5,33.8650137239598,18.2334591670485,1000,"REG-ON"
0,"63",50,3,0.5,44.8751455266813,28.1486910890019,1000,"REG-ON"
0,"64",200,3,0.5,53.231417562465,38.7242349734592,1000,"REG-ON"
0,"65",2,3.5,0.5,26.8939894638226,13.7503563367359,1000,"REG-ON"
0,"66",10,3.5,0.5,29.9752841692193,16.201858301825,1000,"REG-ON"
0,"67",50,3.5,0.5,36.6011723032972,22.3159294457257,1000,"REG-ON"
0,"68",200,3.5,0.5,44.196346166805,28.8775973917655,1000,"REG-ON"
0,"69",2,4,0.5,24.4013037781126,12.5720638672773,1000,"REG-ON"
0,"70",10,4,0.5,26.4627345504733,14.3089075616752,1000,"REG-ON"
0,"71",50,4,0.5,33.2424201654813,19.0839050422672,1000,"REG-ON"
0,"72",200,4,0.5,36.9355423748675,22.7557172059784,1000,"REG-ON"
0,"73",2,4.5,0.5,22.9594265510113,11.5152643400075,1000,"REG-ON"
0,"74",10,4.5,0.5,24.4343892531856,12.5651616156311,1000,"REG-ON"
0,"75",50,4.5,0.5,28.013345636133,14.9969152412564,1000,"REG-ON"
0,"76",200,4.5,0.5,32.9685489486236,19.4753730242741,1000,"REG-ON"
0,"77",2,5,0.5,21.1157870594491,10.4039974088956,1000,"REG-ON"
0,"78",10,5,0.5,22.6156094252223,11.4719945505319,1000,"REG-ON"
0,"79",50,5,0.5,26.6601889904717,14.5977726416026,1000,"REG-ON"
0,"80",200,5,0.5,30.7829238149381,17.4161715338902,1000,"REG-ON"
1,"81",2,0,0.6,NA,NA,1000,"REG-ON"
1,"82",10,0,0.6,NA,NA,1000,"REG-ON"
1,"83",50,0,0.6,NA,NA,1000,"REG-ON"
1,"84",200,0,0.6,NA,NA,1000,"REG-ON"
0.959,"85",2,0.5,0.6,40.0587338973602,27.3405622033259,1000,"REG-ON"
0.974,"86",10,0.5,0.6,32.8785597905267,24.3967688505668,1000,"REG-ON"
0.987,"87",50,0.5,0.6,24.1353068713694,15.0301106900952,1000,"REG-ON"
0.99,"88",200,0.5,0.6,19.4251439737109,11.4244166957173,1000,"REG-ON"
0.855,"89",2,0.7,0.6,70.1291705662041,59.4781823902643,1000,"REG-ON"
0.913,"90",10,0.7,0.6,53.3168442067635,39.0062763727166,1000,"REG-ON"
0.966,"91",50,0.7,0.6,28.48735326324,25.7935793114763,1000,"REG-ON"
0.976,"92",200,0.7,0.6,25.3263047307112,15.9266106112572,1000,"REG-ON"
0.307,"93",2,0.9,0.6,231.388241707058,237.273687584115,1000,"REG-ON"
0.702,"94",10,0.9,0.6,107.551953770155,108.015007110712,1000,"REG-ON"
0.915,"95",50,0.9,0.6,47.1649004132446,36.1755596065397,1000,"REG-ON"
0.957,"96",200,0.9,0.6,39.0613532118408,34.0342488373563,1000,"REG-ON"
0.013,"97",2,1,0.6,227.083842752812,218.006161400457,1000,"REG-ON"
0.502,"98",10,1,0.6,159.032831283943,153.05502609701,1000,"REG-ON"
0.89,"99",50,1,0.6,56.1294637440333,47.0030946751438,1000,"REG-ON"
0.928,"100",200,1,0.6,45.9719447262051,36.3449960860362,1000,"REG-ON"
0,"101",2,1.1,0.6,144.015446764187,121.918905666247,1000,"REG-ON"
0.171,"102",10,1.1,0.6,233.620226511177,242.620135726947,1000,"REG-ON"
0.833,"103",50,1.1,0.6,77.2159471688657,66.1418454024868,1000,"REG-ON"
0.913,"104",200,1.1,0.6,50.5695613425212,40.6930050331051,1000,"REG-ON"
0,"105",2,1.2,0.6,114.047713897329,85.2149635735463,1000,"REG-ON"
0.014,"106",10,1.2,0.6,201.101341591872,207.569914413177,1000,"REG-ON"
0.731,"107",50,1.2,0.6,99.3787559837335,86.9674463473627,1000,"REG-ON"
0.869,"108",200,1.2,0.6,62.6666420595256,56.8854389042759,1000,"REG-ON"
0,"109",2,1.3,0.6,91.3255726910759,64.9065348786059,1000,"REG-ON"
0,"110",10,1.3,0.6,138.092295673297,123.49960039668,1000,"REG-ON"
0.542,"111",50,1.3,0.6,143.645075007045,145.916842979683,1000,"REG-ON"
0.836,"112",200,1.3,0.6,66.2136669549219,60.2124517317976,1000,"REG-ON"
0,"113",2,1.4,0.6,76.6346459775279,49.2919750128788,1000,"REG-ON"
0,"114",10,1.4,0.6,111.362200774881,88.2917938700119,1000,"REG-ON"
0.351,"115",50,1.4,0.6,184.552597690918,192.110616685733,1000,"REG-ON"
0.768,"116",200,1.4,0.6,93.140805679858,84.8726411222985,1000,"REG-ON"
0,"117",2,1.5,0.6,69.3816797423379,42.3894531408267,1000,"REG-ON"
0,"118",10,1.5,0.6,94.0592698653914,76.971581695841,1000,"REG-ON"
0.129,"119",50,1.5,0.6,230.458927157525,242.509982656515,1000,"REG-ON"
0.665,"120",200,1.5,0.6,107.463442500736,104.880776870784,1000,"REG-ON"
0,"121",2,1.75,0.6,54.3461572084485,31.3633168018253,1000,"REG-ON"
0,"122",10,1.75,0.6,70.1928399950346,44.737791848878,1000,"REG-ON"
0,"123",50,1.75,0.6,132.119731871816,112.20822973059,1000,"REG-ON"
0.205,"124",200,1.75,0.6,217.681539644755,229.509168143838,1000,"REG-ON"
0,"125",2,2,0.6,46.1648114287931,26.5268574592713,1000,"REG-ON"
0,"126",10,2,0.6,55.9965174792356,34.0912334341338,1000,"REG-ON"
0,"127",50,2,0.6,93.9888828767457,72.7934025750408,1000,"REG-ON"
0.006,"128",200,2,0.6,170.422982481291,166.023634054375,1000,"REG-ON"
0,"129",2,2.25,0.6,41.9868994580444,22.5583127738931,1000,"REG-ON"
0,"130",10,2.25,0.6,48.0054117140462,28.3457069113978,1000,"REG-ON"
0,"131",50,2.25,0.6,76.3614149402052,58.5931532458093,1000,"REG-ON"
0,"132",200,2.25,0.6,108.515941200655,89.2291004646148,1000,"REG-ON"
0,"133",2,2.5,0.6,36.5684283684752,19.5827483258556,1000,"REG-ON"
0,"134",10,2.5,0.6,43.5321429179084,25.2216871202393,1000,"REG-ON"
0,"135",50,2.5,0.6,62.390888676502,38.355975057303,1000,"REG-ON"
0,"136",200,2.5,0.6,83.8230994504302,62.7439652034298,1000,"REG-ON"
0,"137",2,2.75,0.6,33.8172307935762,17.9245821142738,1000,"REG-ON"
0,"138",10,2.75,0.6,39.4240894476886,21.7344771887281,1000,"REG-ON"
0,"139",50,2.75,0.6,52.8154668897192,34.1756085639416,1000,"REG-ON"
0,"140",200,2.75,0.6,70.970279251307,47.9597812394636,1000,"REG-ON"
0,"141",2,3,0.6,31.5312380018085,16.3259433458564,1000,"REG-ON"
0,"142",10,3,0.6,35.9522021548631,19.7837994737035,1000,"REG-ON"
0,"143",50,3,0.6,48.1689555290306,30.2659124324494,1000,"REG-ON"
0,"144",200,3,0.6,61.3161743228782,39.9057837679109,1000,"REG-ON"
0,"145",2,3.5,0.6,28.0275266633934,13.8957506278693,1000,"REG-ON"
0,"146",10,3.5,0.6,30.2964574952088,16.8706855632986,1000,"REG-ON"
0,"147",50,3.5,0.6,40.2023833077245,24.504780261973,1000,"REG-ON"
0,"148",200,3.5,0.6,48.756505956374,29.95312838514,1000,"REG-ON"
0,"149",2,4,0.6,25.5044219852967,12.9287682308939,1000,"REG-ON"
0,"150",10,4,0.6,27.8707177787136,14.9224260842114,1000,"REG-ON"
0,"151",50,4,0.6,34.6249248550281,20.2355244098399,1000,"REG-ON"
0,"152",200,4,0.6,42.4610740987862,25.0610075474199,1000,"REG-ON"
0,"153",2,4.5,0.6,22.7455982892764,11.3070746684403,1000,"REG-ON"
0,"154",10,4.5,0.6,25.2886607955697,13.6924531301736,1000,"REG-ON"
0,"155",50,4.5,0.6,31.9138877413176,17.5888969184303,1000,"REG-ON"
0,"156",200,4.5,0.6,36.467771129902,21.8706130533041,1000,"REG-ON"
0,"157",2,5,0.6,20.7551147086867,10.3709790442973,1000,"REG-ON"
0,"158",10,5,0.6,23.4486273456605,11.735898704572,1000,"REG-ON"
0,"159",50,5,0.6,28.472554640415,15.7301904490502,1000,"REG-ON"
0,"160",200,5,0.6,33.0095214343085,19.0202572451783,1000,"REG-ON"
1,"161",2,0,0.7,NA,NA,1000,"REG-ON"
1,"162",10,0,0.7,NA,NA,1000,"REG-ON"
1,"163",50,0,0.7,NA,NA,1000,"REG-ON"
1,"164",200,0,0.7,NA,NA,1000,"REG-ON"
0.961,"165",2,0.5,0.7,38.1649985506731,28.7784234362129,1000,"REG-ON"
0.973,"166",10,0.5,0.7,22.7642004454517,13.7240078479332,1000,"REG-ON"
0.985,"167",50,0.5,0.7,16.8964761680697,7.2732782486497,1000,"REG-ON"
0.991,"168",200,0.5,0.7,19.4427513592564,17.102258255139,1000,"REG-ON"
0.851,"169",2,0.7,0.7,81.4754223287459,70.6151962865178,1000,"REG-ON"
0.926,"170",10,0.7,0.7,51.772608167196,41.4079650784547,1000,"REG-ON"
0.983,"171",50,0.7,0.7,31.1736389378693,22.201887638333,1000,"REG-ON"
0.99,"172",200,0.7,0.7,31.0792451089837,25.1894851778775,1000,"REG-ON"
0.317,"173",2,0.9,0.7,238.748052023572,244.233815748307,1000,"REG-ON"
0.75,"174",10,0.9,0.7,98.2358678209699,89.8163596998021,1000,"REG-ON"
0.94,"175",50,0.9,0.7,45.5272730382901,32.6926420859223,1000,"REG-ON"
0.973,"176",200,0.9,0.7,22.521795053445,15.4379018282146,1000,"REG-ON"
0.015,"177",2,1,0.7,231.858354279264,226.627417018186,1000,"REG-ON"
0.54,"178",10,1,0.7,162.190153916975,155.585702176558,1000,"REG-ON"
0.929,"179",50,1,0.7,53.8034315957142,38.845861484937,1000,"REG-ON"
0.954,"180",200,1,0.7,42.9950475940192,38.3847989700869,1000,"REG-ON"
0,"181",2,1.1,0.7,144.689832364473,127.885497260794,1000,"REG-ON"
0.194,"182",10,1.1,0.7,249.288682484597,244.473158044089,1000,"REG-ON"
0.872,"183",50,1.1,0.7,85.4224488261925,81.4862351512568,1000,"REG-ON"
0.928,"184",200,1.1,0.7,45.2528442685271,35.3812799730759,1000,"REG-ON"
0,"185",2,1.2,0.7,114.616274488746,83.9104938576975,1000,"REG-ON"
0.017,"186",10,1.2,0.7,203.965908496195,199.325058981634,1000,"REG-ON"
0.804,"187",50,1.2,0.7,100.949874312367,86.039460863135,1000,"REG-ON"
0.926,"188",200,1.2,0.7,58.2468720250517,45.9619865367354,1000,"REG-ON"
0,"189",2,1.3,0.7,94.316672155312,65.6678062121508,1000,"REG-ON"
0.001,"190",10,1.3,0.7,154.078026074942,136.928817387889,1000,"REG-ON"
0.654,"191",50,1.3,0.7,149.585410756761,135.747572132937,1000,"REG-ON"
0.887,"192",200,1.3,0.7,79.1900867970066,81.8731350416695,1000,"REG-ON"
0,"193",2,1.4,0.7,78.1822989482926,47.6892707672024,1000,"REG-ON"
0.001,"194",10,1.4,0.7,120.360844285064,91.3539874622869,1000,"REG-ON"
0.436,"195",50,1.4,0.7,198.124593382612,187.550391537872,1000,"REG-ON"
0.832,"196",200,1.4,0.7,90.4109239822945,77.4812329629081,1000,"REG-ON"
0,"197",2,1.5,0.7,71.6512423631635,45.472413802789,1000,"REG-ON"
0,"198",10,1.5,0.7,102.777471536643,78.7838171991389,1000,"REG-ON"
0.216,"199",50,1.5,0.7,274.254297501941,267.548706762926,1000,"REG-ON"
0.752,"200",200,1.5,0.7,113.551551079951,103.994183353339,1000,"REG-ON"
0,"201",2,1.75,0.7,55.8208981507094,32.3224228925146,1000,"REG-ON"
0,"202",10,1.75,0.7,73.8961532616974,48.7889642137604,1000,"REG-ON"
0.002,"203",50,1.75,0.7,171.090324790162,148.623953881687,1000,"REG-ON"
0.325,"204",200,1.75,0.7,257.606189295903,241.159663627686,1000,"REG-ON"
0,"205",2,2,0.7,46.3964453292601,26.9223935029145,1000,"REG-ON"
0,"206",10,2,0.7,60.3205228737675,38.4711029400857,1000,"REG-ON"
0,"207",50,2,0.7,108.03998664,78.5275755582963,1000,"REG-ON"
0.008,"208",200,2,0.7,218.959833473668,208.928480131637,1000,"REG-ON"
0,"209",2,2.25,0.7,42.808377058205,22.9790306609532,1000,"REG-ON"
0,"210",10,2.25,0.7,53.3612632660809,30.9078882152783,1000,"REG-ON"
0,"211",50,2.25,0.7,83.2744290191767,59.6681213646267,1000,"REG-ON"
0,"212",200,2.25,0.7,138.604596273927,109.265077766136,1000,"REG-ON"
0,"213",2,2.5,0.7,37.2135316478117,19.8571532258601,1000,"REG-ON"
0,"214",10,2.5,0.7,46.9729764516333,26.8302774627871,1000,"REG-ON"
0,"215",50,2.5,0.7,69.0095359392597,45.8270546528843,1000,"REG-ON"
0,"216",200,2.5,0.7,104.034835793053,76.6039526050723,1000,"REG-ON"
0,"217",2,2.75,0.7,33.8429622967199,17.5475466301843,1000,"REG-ON"
0,"218",10,2.75,0.7,41.5759778830936,24.141254165456,1000,"REG-ON"
0,"219",50,2.75,0.7,62.9206297460265,39.7761617829165,1000,"REG-ON"
0,"220",200,2.75,0.7,84.3716863789242,59.7309808137426,1000,"REG-ON"
0,"221",2,3,0.7,32.3127802689743,17.2895336484149,1000,"REG-ON"
0,"222",10,3,0.7,38.5650033659357,21.2267046794921,1000,"REG-ON"
0,"223",50,3,0.7,55.2317992850951,32.91090599746,1000,"REG-ON"
0,"224",200,3,0.7,71.7249454213172,46.0389550135569,1000,"REG-ON"
0,"225",2,3.5,0.7,27.1979820901959,13.5997283458327,1000,"REG-ON"
0,"226",10,3.5,0.7,32.1774369899297,17.2872091864729,1000,"REG-ON"
0,"227",50,3.5,0.7,45.1669870328748,26.981837003346,1000,"REG-ON"
0,"228",200,3.5,0.7,58.4616654741937,37.0698997611142,1000,"REG-ON"
0,"229",2,4,0.7,25.7628942676515,12.98499155242,1000,"REG-ON"
0,"230",10,4,0.7,29.0649720633261,15.9728765784746,1000,"REG-ON"
0,"231",50,4,0.7,39.7787229003022,22.6010664722241,1000,"REG-ON"
0,"232",200,4,0.7,50.2342082446019,30.8028931102432,1000,"REG-ON"
0,"233",2,4.5,0.7,23.6882791753185,11.5410465365235,1000,"REG-ON"
0,"234",10,4.5,0.7,26.2449833289179,13.9773117709225,1000,"REG-ON"
0,"235",50,4.5,0.7,35.5622228145903,19.7224301643972,1000,"REG-ON"
0,"236",200,4.5,0.7,42.6770144773022,25.5859943497544,1000,"REG-ON"
0,"237",2,5,0.7,22.0114609119313,10.9304503754869,1000,"REG-ON"
0,"238",10,5,0.7,24.1196144206835,12.2390899255324,1000,"REG-ON"
0,"239",50,5,0.7,32.5276097782588,17.788633071447,1000,"REG-ON"
0,"240",200,5,0.7,39.3893067877266,21.523749886307,1000,"REG-ON"
1,"241",2,0,0.8,NA,NA,1000,"REG-ON"
1,"242",10,0,0.8,NA,NA,1000,"REG-ON"
1,"243",50,0,0.8,NA,NA,1000,"REG-ON"
1,"244",200,0,0.8,NA,NA,1000,"REG-ON"
0.96,"245",2,0.5,0.8,42.8642657124021,36.0699344562126,1000,"REG-ON"
0.974,"246",10,0.5,0.8,35.3026892081293,29.9753900520181,1000,"REG-ON"
0.989,"247",50,0.5,0.8,17.0360957428557,4.61731271498653,1000,"REG-ON"
0.997,"248",200,0.5,0.8,18.2811460087216,4.40875006025323,1000,"REG-ON"
0.839,"249",2,0.7,0.8,82.8968501750009,69.4325458600965,1000,"REG-ON"
0.942,"250",10,0.7,0.8,51.450959341982,54.0813909940029,1000,"REG-ON"
0.979,"251",50,0.7,0.8,22.183678608573,14.4001022392804,1000,"REG-ON"
0.982,"252",200,0.7,0.8,20.6970585232726,10.1385832634854,1000,"REG-ON"
0.322,"253",2,0.9,0.8,234.098330313205,237.831217124777,1000,"REG-ON"
0.776,"254",10,0.9,0.8,125.968048543281,108.760255391228,1000,"REG-ON"
0.974,"255",50,0.9,0.8,43.5423056266993,31.9944660255728,1000,"REG-ON"
0.981,"256",200,0.9,0.8,42.4741893785617,31.5146985191948,1000,"REG-ON"
0.012,"257",2,1,0.8,221.82167163088,207.185624519118,1000,"REG-ON"
0.6,"258",10,1,0.8,154.00824724196,149.29999196512,1000,"REG-ON"
0.926,"259",50,1,0.8,61.2088027198505,54.5772106272617,1000,"REG-ON"
0.973,"260",200,1,0.8,36.3123921053187,29.4819957439674,1000,"REG-ON"
0,"261",2,1.1,0.8,152.354170477446,129.99213725709,1000,"REG-ON"
0.234,"262",10,1.1,0.8,252.957891812559,240.755486957174,1000,"REG-ON"
0.893,"263",50,1.1,0.8,78.1743487135106,78.3007325450093,1000,"REG-ON"
0.953,"264",200,1.1,0.8,52.9241273999616,36.8317727241269,1000,"REG-ON"
0,"265",2,1.2,0.8,115.377162320828,84.4465585013006,1000,"REG-ON"
0.021,"266",10,1.2,0.8,240.440227563199,226.224161640182,1000,"REG-ON"
0.83,"267",50,1.2,0.8,130.18465721989,121.952252451281,1000,"REG-ON"
0.931,"268",200,1.2,0.8,54.4026362593032,52.2357196941414,1000,"REG-ON"
0,"269",2,1.3,0.8,96.2773336486603,65.1834744881606,1000,"REG-ON"
0.002,"270",10,1.3,0.8,172.795184683069,149.214090843827,1000,"REG-ON"
0.74,"271",50,1.3,0.8,151.1027593942,131.081352109723,1000,"REG-ON"
0.91,"272",200,1.3,0.8,69.1696945734433,71.6390285604928,1000,"REG-ON"
0,"273",2,1.4,0.8,80.0662991380564,52.4758844424095,1000,"REG-ON"
0,"274",10,1.4,0.8,138.211425878451,103.695960392795,1000,"REG-ON"
0.563,"275",50,1.4,0.8,199.763650089385,184.451505466088,1000,"REG-ON"
0.887,"276",200,1.4,0.8,81.7067736001536,79.263747734534,1000,"REG-ON"
0,"277",2,1.5,0.8,71.1671542013776,46.3797390104162,1000,"REG-ON"
0,"278",10,1.5,0.8,109.813988775806,80.1491744642734,1000,"REG-ON"
0.313,"279",50,1.5,0.8,272.025864109967,250.930553161563,1000,"REG-ON"
0.819,"280",200,1.5,0.8,114.396402239497,107.810474372071,1000,"REG-ON"
0,"281",2,1.75,0.8,60.9598248134234,36.6924275560435,1000,"REG-ON"
0,"282",10,1.75,0.8,80.8902391642422,53.8640754373451,1000,"REG-ON"
0.007,"283",50,1.75,0.8,214.692496011588,195.226412559205,1000,"REG-ON"
0.472,"284",200,1.75,0.8,241.578953449378,217.082991330708,1000,"REG-ON"
0,"285",2,2,0.8,49.3830295754403,28.4172169371026,1000,"REG-ON"
0,"286",10,2,0.8,66.9333728038308,42.7746587606288,1000,"REG-ON"
0,"287",50,2,0.8,143.295064196498,109.859891759177,1000,"REG-ON"
0.042,"288",200,2,0.8,296.026558853761,256.287687686637,1000,"REG-ON"
0,"289",2,2.25,0.8,42.9516239898608,23.1235829302629,1000,"REG-ON"
0,"290",10,2.25,0.8,57.1915401066059,35.0461237122536,1000,"REG-ON"
0,"291",50,2.25,0.8,103.280243022295,70.9890395397699,1000,"REG-ON"
0.001,"292",200,2.25,0.8,184.468626377198,155.698857261869,1000,"REG-ON"
0,"293",2,2.5,0.8,37.8280324783245,19.9794183906382,1000,"REG-ON"
0,"294",10,2.5,0.8,51.2098164143305,29.6177688610614,1000,"REG-ON"
0,"295",50,2.5,0.8,89.3276567966339,58.4130410935526,1000,"REG-ON"
0,"296",200,2.5,0.8,129.16193652343,96.7591468801463,1000,"REG-ON"
0,"297",2,2.75,0.8,35.8064543723009,18.9003302873189,1000,"REG-ON"
0,"298",10,2.75,0.8,43.7085556625366,24.2199642916992,1000,"REG-ON"
0,"299",50,2.75,0.8,75.3958048153053,49.4463204480313,1000,"REG-ON"
0,"300",200,2.75,0.8,113.840374418897,81.0479530183239,1000,"REG-ON"
0,"301",2,3,0.8,33.3727648374441,18.313549910844,1000,"REG-ON"
0,"302",10,3,0.8,40.7184443080876,23.8894858317039,1000,"REG-ON"
0,"303",50,3,0.8,66.5844253485188,42.6017925458537,1000,"REG-ON"
0,"304",200,3,0.8,91.4863044763553,60.5244231644017,1000,"REG-ON"
0,"305",2,3.5,0.8,29.7408613380115,15.217323940029,1000,"REG-ON"
0,"306",10,3.5,0.8,35.7611356810579,19.1544853345472,1000,"REG-ON"
0,"307",50,3.5,0.8,53.2745742684482,33.0524439731841,1000,"REG-ON"
0,"308",200,3.5,0.8,73.4479124546059,47.2466592374228,1000,"REG-ON"
0,"309",2,4,0.8,25.4854663207795,13.2027954484264,1000,"REG-ON"
0,"310",10,4,0.8,31.1893443904957,17.233770469152,1000,"REG-ON"
0,"311",50,4,0.8,47.5567604856298,26.7544519693742,1000,"REG-ON"
0,"312",200,4,0.8,59.7721885259043,37.1497853687267,1000,"REG-ON"
0,"313",2,4.5,0.8,23.6173265432217,11.406790919591,1000,"REG-ON"
0,"314",10,4.5,0.8,28.9844114982741,15.674888894252,1000,"REG-ON"
0,"315",50,4.5,0.8,41.6031837664551,23.5955418584889,1000,"REG-ON"
0,"316",200,4.5,0.8,53.5554655200223,33.0156767602449,1000,"REG-ON"
0,"317",2,5,0.8,22.4262605986348,11.6200703829609,1000,"REG-ON"
0,"318",10,5,0.8,27.0719398755569,14.1656723120199,1000,"REG-ON"
0,"319",50,5,0.8,37.8952624309321,21.2901144794151,1000,"REG-ON"
0,"320",200,5,0.8,45.8026918234471,27.2937882608865,1000,"REG-ON"
1,"321",2,0,0.9,NA,NA,1000,"REG-ON"
1,"322",10,0,0.9,NA,NA,1000,"REG-ON"
1,"323",50,0,0.9,NA,NA,1000,"REG-ON"
1,"324",200,0,0.9,NA,NA,1000,"REG-ON"
0.967,"325",2,0.5,0.9,42.107729263002,41.2276431722241,1000,"REG-ON"
0.976,"326",10,0.5,0.9,25.7080838941408,14.9194339795792,1000,"REG-ON"
0.993,"327",50,0.5,0.9,17.0877452063097,5.43397643787547,1000,"REG-ON"
0.997,"328",200,0.5,0.9,16.0744680481865,9.92544501687737,1000,"REG-ON"
0.861,"329",2,0.7,0.9,72.465006724268,62.6250091773675,1000,"REG-ON"
0.959,"330",10,0.7,0.9,40.3223578424868,33.7993609697791,1000,"REG-ON"
0.988,"331",50,0.7,0.9,31.3267846466799,17.8620211657852,1000,"REG-ON"
0.993,"332",200,0.7,0.9,35.354615280973,36.5845358531537,1000,"REG-ON"
0.349,"333",2,0.9,0.9,224.864538632866,235.559973526805,1000,"REG-ON"
0.831,"334",10,0.9,0.9,105.590182253062,99.6666495997605,1000,"REG-ON"
0.977,"335",50,0.9,0.9,44.9231763266205,43.0267910531244,1000,"REG-ON"
0.979,"336",200,0.9,0.9,27.3216998709208,22.1481629361716,1000,"REG-ON"
0.014,"337",2,1,0.9,242.892395417397,228.163903813925,1000,"REG-ON"
0.673,"338",10,1,0.9,170.912940181315,146.640222795772,1000,"REG-ON"
0.963,"339",50,1,0.9,67.3129439746622,67.4764478412782,1000,"REG-ON"
0.976,"340",200,1,0.9,39.2967926402159,27.3974423706044,1000,"REG-ON"
0,"341",2,1.1,0.9,159.875287302704,134.045534801025,1000,"REG-ON"
0.336,"342",10,1.1,0.9,282.29142152682,253.367948603092,1000,"REG-ON"
0.934,"343",50,1.1,0.9,70.1656876030053,62.0203045198083,1000,"REG-ON"
0.976,"344",200,1.1,0.9,32.7943161370694,25.1733986907439,1000,"REG-ON"
0,"345",2,1.2,0.9,119.052037068872,94.7561135645917,1000,"REG-ON"
0.052,"346",10,1.2,0.9,293.025431020336,257.186236710219,1000,"REG-ON"
0.912,"347",50,1.2,0.9,107.098013072748,97.1170173471918,1000,"REG-ON"
0.966,"348",200,1.2,0.9,62.9404472175417,51.0355374094048,1000,"REG-ON"
0,"349",2,1.3,0.9,100.18472208697,73.6567008967388,1000,"REG-ON"
0.005,"350",10,1.3,0.9,206.101195735519,181.622801585508,1000,"REG-ON"
0.825,"351",50,1.3,0.9,143.394855447502,116.267030383697,1000,"REG-ON"
0.958,"352",200,1.3,0.9,91.9966060791825,75.5383799167082,1000,"REG-ON"
0,"353",2,1.4,0.9,86.6214698069003,57.843664940858,1000,"REG-ON"
0,"354",10,1.4,0.9,165.938978829061,132.914184952822,1000,"REG-ON"
0.674,"355",50,1.4,0.9,206.168804960646,181.724333902506,1000,"REG-ON"
0.913,"356",200,1.4,0.9,100.277954477968,86.3498391105472,1000,"REG-ON"
0,"357",2,1.5,0.9,77.4976918377191,49.6107977035182,1000,"REG-ON"
0,"358",10,1.5,0.9,137.765495527941,103.016160291134,1000,"REG-ON"
0.444,"359",50,1.5,0.9,287.042716501998,253.994587531536,1000,"REG-ON"
0.885,"360",200,1.5,0.9,133.863482738966,99.6191350644375,1000,"REG-ON"
0,"361",2,1.75,0.9,60.8379927123086,36.5365132142952,1000,"REG-ON"
0,"362",10,1.75,0.9,99.379380424403,71.6771701344878,1000,"REG-ON"
0.049,"363",50,1.75,0.9,281.24126142516,244.680579774483,1000,"REG-ON"
0.629,"364",200,1.75,0.9,245.599567495003,195.647223355253,1000,"REG-ON"
0,"365",2,2,0.9,51.6046512020282,29.5414536466543,1000,"REG-ON"
0,"366",10,2,0.9,77.7190965203549,51.7807448107387,1000,"REG-ON"
0.003,"367",50,2,0.9,199.34810214219,173.793696641046,1000,"REG-ON"
0.233,"368",200,2,0.9,335.140492203075,289.105634149257,1000,"REG-ON"
0,"369",2,2.25,0.9,43.6497929253742,25.1281426963086,1000,"REG-ON"
0,"370",10,2.25,0.9,63.5474644766936,39.8029277541463,1000,"REG-ON"
0,"371",50,2.25,0.9,149.669820149384,121.245128022271,1000,"REG-ON"
0.031,"372",200,2.25,0.9,274.039180584652,238.824230119692,1000,"REG-ON"
0,"373",2,2.5,0.9,40.7373769094637,22.3460241420046,1000,"REG-ON"
0,"374",10,2.5,0.9,56.3976095364999,35.0637195604742,1000,"REG-ON"
0,"375",50,2.5,0.9,118.96844953283,96.0901694117082,1000,"REG-ON"
0.005,"376",200,2.5,0.9,213.123723051423,191.562469511745,1000,"REG-ON"
0,"377",2,2.75,0.9,36.3995995021162,20.0818853611401,1000,"REG-ON"
0,"378",10,2.75,0.9,51.4788781730064,34.615847682689,1000,"REG-ON"
0,"379",50,2.75,0.9,101.902807760695,74.13239667718,1000,"REG-ON"
0,"380",200,2.75,0.9,166.944732733746,137.710574353084,1000,"REG-ON"
0,"381",2,3,0.9,32.9470933663876,17.8016257434245,1000,"REG-ON"
0,"382",10,3,0.9,45.9140432439625,27.5417356009985,1000,"REG-ON"
0,"383",50,3,0.9,85.3777326356357,59.9482349293036,1000,"REG-ON"
0,"384",200,3,0.9,133.32974758133,105.437048596038,1000,"REG-ON"
0,"385",2,3.5,0.9,30.751485609035,16.4729536427129,1000,"REG-ON"
0,"386",10,3.5,0.9,38.7637459539602,21.7910224702134,1000,"REG-ON"
0,"387",50,3.5,0.9,71.5535594441301,50.5734562328252,1000,"REG-ON"
0,"388",200,3.5,0.9,102.731939995703,78.6531772128862,1000,"REG-ON"
0,"389",2,4,0.9,26.026777775037,13.4210546892106,1000,"REG-ON"
0,"390",10,4,0.9,34.2584609222432,18.8272259429687,1000,"REG-ON"
0,"391",50,4,0.9,59.9050711775016,40.5773392793451,1000,"REG-ON"
0,"392",200,4,0.9,84.8173256581149,63.5491432430697,1000,"REG-ON"
0,"393",2,4.5,0.9,24.2540181473696,12.4408472136715,1000,"REG-ON"
0,"394",10,4.5,0.9,31.6383946030069,17.4159992863535,1000,"REG-ON"
0,"395",50,4.5,0.9,51.6146209337615,31.0543116445649,1000,"REG-ON"
0,"396",200,4.5,0.9,72.5077166873507,50.5922863176304,1000,"REG-ON"
0,"397",2,5,0.9,23.1526314097636,11.7103085393984,1000,"REG-ON"
0,"398",10,5,0.9,28.5700806149751,15.9492948656911,1000,"REG-ON"
0,"399",50,5,0.9,47.3090910775749,28.6180656350209,1000,"REG-ON"
0,"400",200,5,0.9,60.3459420000449,36.6995585712463,1000,"REG-ON"
1,"401",2,0,1,NA,NA,1000,"REG-ON"
1,"402",10,0,1,NA,NA,1000,"REG-ON"
1,"403",50,0,1,NA,NA,1000,"REG-ON"
1,"404",200,0,1,NA,NA,1000,"REG-ON"
0.967,"405",2,0.5,1,35.9326189399728,35.447113811037,1000,"REG-ON"
0.987,"406",10,0.5,1,23.8416246894748,19.29593098643,1000,"REG-ON"
0.996,"407",50,0.5,1,20.1353118284417,3.70736468364304,1000,"REG-ON"
0.996,"408",200,0.5,1,14.1743277509654,7.10460648649231,1000,"REG-ON"
0.891,"409",2,0.7,1,74.6444155936164,67.7123185480677,1000,"REG-ON"
0.96,"410",10,0.7,1,47.5777730257246,35.0885127072754,1000,"REG-ON"
0.994,"411",50,0.7,1,35.6732668896544,23.9138698122134,1000,"REG-ON"
0.995,"412",200,0.7,1,36.759424589017,21.4584648151735,1000,"REG-ON"
0.365,"413",2,0.9,1,240.826992810317,240.894559192742,1000,"REG-ON"
0.849,"414",10,0.9,1,115.741326336901,100.055876622038,1000,"REG-ON"
0.976,"415",50,0.9,1,38.0581326461136,26.1810316909121,1000,"REG-ON"
0.995,"416",200,0.9,1,61.8173104617181,66.9420705734375,1000,"REG-ON"
0.042,"417",2,1,1,241.625968566254,223.542850186669,1000,"REG-ON"
0.704,"418",10,1,1,190.677642345276,170.329010711683,1000,"REG-ON"
0.961,"419",50,1,1,80.8904223534119,64.2748106270634,1000,"REG-ON"
0.987,"420",200,1,1,48.0531300062828,29.8198627837272,1000,"REG-ON"
0.003,"421",2,1.1,1,178.011810624974,159.438911109685,1000,"REG-ON"
0.43,"422",10,1.1,1,243.900169858764,219.838982069428,1000,"REG-ON"
0.946,"423",50,1.1,1,86.0521269856336,64.2562807302204,1000,"REG-ON"
0.982,"424",200,1.1,1,75.4003611729451,67.9877943719516,1000,"REG-ON"
0,"425",2,1.2,1,134.69495998363,113.283860090591,1000,"REG-ON"
0.202,"426",10,1.2,1,284.842406290071,261.364539567927,1000,"REG-ON"
0.924,"427",50,1.2,1,111.323156374783,105.607769568907,1000,"REG-ON"
0.972,"428",200,1.2,1,88.7163343010287,86.0582821785906,1000,"REG-ON"
0,"429",2,1.3,1,109.315177850012,81.0376702153897,1000,"REG-ON"
0.067,"430",10,1.3,1,253.325266386078,223.639561747543,1000,"REG-ON"
0.852,"431",50,1.3,1,152.811374351864,116.681008662715,1000,"REG-ON"
0.947,"432",200,1.3,1,69.4663985098862,53.8297888742745,1000,"REG-ON"
0,"433",2,1.4,1,94.8030173031378,70.6935347191187,1000,"REG-ON"
0.031,"434",10,1.4,1,217.635245291112,205.657589778843,1000,"REG-ON"
0.743,"435",50,1.4,1,212.043255130045,164.812745715688,1000,"REG-ON"
0.931,"436",200,1.4,1,126.585986697862,92.4225391624083,1000,"REG-ON"
0,"437",2,1.5,1,82.5912333536364,56.3619013900575,1000,"REG-ON"
0.029,"438",10,1.5,1,185.851851424797,179.465392680178,1000,"REG-ON"
0.658,"439",50,1.5,1,274.622094872171,223.390547967387,1000,"REG-ON"
0.903,"440",200,1.5,1,130.796742441208,106.624581274094,1000,"REG-ON"
0,"441",2,1.75,1,64.9848079186148,41.7820560260938,1000,"REG-ON"
0.002,"442",10,1.75,1,125.787300243404,117.373063935578,1000,"REG-ON"
0.339,"443",50,1.75,1,280.02708996297,251.089712434381,1000,"REG-ON"
0.767,"444",200,1.75,1,200.937737546857,154.268319352658,1000,"REG-ON"
0,"445",2,2,1,54.3179919860017,34.420857338834,1000,"REG-ON"
0.001,"446",10,2,1,107.060122241719,96.8084687967205,1000,"REG-ON"
0.172,"447",50,2,1,247.998708802411,230.162915493903,1000,"REG-ON"
0.499,"448",200,2,1,260.075667642346,225.463185018909,1000,"REG-ON"
0,"449",2,2.25,1,46.514956258046,27.7407282737002,1000,"REG-ON"
0.002,"450",10,2.25,1,84.5014933653148,81.683719742065,1000,"REG-ON"
0.096,"451",50,2.25,1,213.459404517104,207.476503987695,1000,"REG-ON"
0.358,"452",200,2.25,1,280.54776642858,242.377381171347,1000,"REG-ON"
0,"453",2,2.5,1,41.6574846041422,25.4652949606631,1000,"REG-ON"
0,"454",10,2.5,1,68.8252083067904,53.6083028730101,1000,"REG-ON"
0.056,"455",50,2.5,1,180.801656250431,182.74821085344,1000,"REG-ON"
0.248,"456",200,2.5,1,249.171371912488,219.070861336979,1000,"REG-ON"
0,"457",2,2.75,1,38.6133431732096,20.9597104837001,1000,"REG-ON"
0,"458",10,2.75,1,60.5515986472333,44.7753212715197,1000,"REG-ON"
0.037,"459",50,2.75,1,158.238198639671,170.859376356829,1000,"REG-ON"
0.179,"460",200,2.75,1,230.405617294926,225.760168096848,1000,"REG-ON"
0,"461",2,3,1,35.4726466726377,20.0398697082563,1000,"REG-ON"
0,"462",10,3,1,56.464638357979,42.5660908467289,1000,"REG-ON"
0.024,"463",50,3,1,149.64708394468,160.523235525788,1000,"REG-ON"
0.114,"464",200,3,1,213.118917670388,218.053982846892,1000,"REG-ON"
0,"465",2,3.5,1,30.830877605298,15.856942880573,1000,"REG-ON"
0,"466",10,3.5,1,47.9851884421572,32.6174208328256,1000,"REG-ON"
0.005,"467",50,3.5,1,110.579769805871,125.796044128047,1000,"REG-ON"
0.061,"468",200,3.5,1,171.804355660815,180.406440504517,1000,"REG-ON"
0,"469",2,4,1,28.7558159258494,15.4777142377866,1000,"REG-ON"
0,"470",10,4,1,40.4318524460617,26.3002631497783,1000,"REG-ON"
0.002,"471",50,4,1,89.6120652778301,83.6112700688363,1000,"REG-ON"
0.037,"472",200,4,1,151.450929827822,160.145100266553,1000,"REG-ON"
0,"473",2,4.5,1,26.1126376828187,14.1164490227294,1000,"REG-ON"
0,"474",10,4.5,1,36.5934987677952,23.3308676792439,1000,"REG-ON"
0.001,"475",50,4.5,1,77.2807613019683,75.314321867456,1000,"REG-ON"
0.016,"476",200,4.5,1,120.98445158528,137.409110870923,1000,"REG-ON"
0,"477",2,5,1,23.9371997536197,12.6655543841372,1000,"REG-ON"
0,"478",10,5,1,32.3772538596798,20.4204495402428,1000,"REG-ON"
0.001,"479",50,5,1,64.0240490934594,52.5186477440551,1000,"REG-ON"
0.009,"480",200,5,1,95.8452581481898,107.472817526124,1000,"REG-ON"
1,"1",2,0,0.5,NA,NA,1000,"STRUCT-BIND"
1,"2",10,0,0.5,NA,NA,1000,"STRUCT-BIND"
1,"3",50,0,0.5,NA,NA,1000,"STRUCT-BIND"
1,"4",200,0,0.5,NA,NA,1000,"STRUCT-BIND"
0.957,"5",2,0.5,0.5,33.0133491126946,24.0006032463902,1000,"STRUCT-BIND"
0.965,"6",10,0.5,0.5,34.760763803474,25.7381015169336,1000,"STRUCT-BIND"
0.972,"7",50,0.5,0.5,29.0487051937855,17.6478848719173,1000,"STRUCT-BIND"
0.98,"8",200,0.5,0.5,32.1585165737976,19.1273204055991,1000,"STRUCT-BIND"
0.822,"9",2,0.7,0.5,85.5348952634894,70.6200396106587,1000,"STRUCT-BIND"
0.871,"10",10,0.7,0.5,64.9570410794174,59.6853281498146,1000,"STRUCT-BIND"
0.9,"11",50,0.7,0.5,59.6435970208785,70.5991019963116,1000,"STRUCT-BIND"
0.899,"12",200,0.7,0.5,64.0843487674058,55.209217796203,1000,"STRUCT-BIND"
0.275,"13",2,0.9,0.5,214.658262424281,210.047073059551,1000,"STRUCT-BIND"
0.525,"14",10,0.9,0.5,125.349090229668,106.165894180734,1000,"STRUCT-BIND"
0.695,"15",50,0.9,0.5,100.977407004861,78.7054882340838,1000,"STRUCT-BIND"
0.712,"16",200,0.9,0.5,104.127955299146,76.8641045019764,1000,"STRUCT-BIND"
0.02,"17",2,1,0.5,202.688469774841,194.902125284422,1000,"STRUCT-BIND"
0.335,"18",10,1,0.5,144.338588158451,137.677396957181,1000,"STRUCT-BIND"
0.513,"19",50,1,0.5,109.12674805237,83.6561185940533,1000,"STRUCT-BIND"
0.637,"20",200,1,0.5,95.242879487913,80.0389775264419,1000,"STRUCT-BIND"
0,"21",2,1.1,0.5,147.301913612347,128.727646151428,1000,"STRUCT-BIND"
0.181,"22",10,1.1,0.5,143.33299609095,140.058158745904,1000,"STRUCT-BIND"
0.421,"23",50,1.1,0.5,103.558523244547,81.4619827904834,1000,"STRUCT-BIND"
0.55,"24",200,1.1,0.5,92.5420396205573,67.8620018611514,1000,"STRUCT-BIND"
0,"25",2,1.2,0.5,106.450748162154,82.8374521169389,1000,"STRUCT-BIND"
0.076,"26",10,1.2,0.5,140.210830223709,143.486998838145,1000,"STRUCT-BIND"
0.333,"27",50,1.2,0.5,96.8675902487651,73.1636129944302,1000,"STRUCT-BIND"
0.485,"28",200,1.2,0.5,91.4425395286592,67.0849680562063,1000,"STRUCT-BIND"
0,"29",2,1.3,0.5,90.9736863471291,62.7557325859379,1000,"STRUCT-BIND"
0.02,"30",10,1.3,0.5,131.765108802734,161.559388011389,1000,"STRUCT-BIND"
0.302,"31",50,1.3,0.5,87.3640760696284,68.9858692420482,1000,"STRUCT-BIND"
0.399,"32",200,1.3,0.5,77.4765911076769,53.5312800046467,1000,"STRUCT-BIND"
0,"33",2,1.4,0.5,74.6397981420902,50.5315042385546,1000,"STRUCT-BIND"
0.007,"34",10,1.4,0.5,110.81761670745,123.584788567794,1000,"STRUCT-BIND"
0.241,"35",50,1.4,0.5,82.2187193451689,67.9212549213097,1000,"STRUCT-BIND"
0.378,"36",200,1.4,0.5,71.8011608666323,50.1522559532602,1000,"STRUCT-BIND"
0,"37",2,1.5,0.5,66.8471022629462,42.4785005711493,1000,"STRUCT-BIND"
0.001,"38",10,1.5,0.5,96.1312554783948,113.624199110221,1000,"STRUCT-BIND"
0.205,"39",50,1.5,0.5,77.7814065629718,67.6122631990045,1000,"STRUCT-BIND"
0.364,"40",200,1.5,0.5,66.2451610359842,48.3049232561542,1000,"STRUCT-BIND"
0,"41",2,1.75,0.5,55.0700302285056,31.7549064789972,1000,"STRUCT-BIND"
0,"42",10,1.75,0.5,68.0418854011813,63.2400740853123,1000,"STRUCT-BIND"
0.154,"43",50,1.75,0.5,71.8092099187265,65.5708693244004,1000,"STRUCT-BIND"
0.3,"44",200,1.75,0.5,61.1894472319832,48.2084207643881,1000,"STRUCT-BIND"
0,"45",2,2,0.5,47.2320623110572,27.4113669150017,1000,"STRUCT-BIND"
0,"46",10,2,0.5,57.263808894111,49.1294038629967,1000,"STRUCT-BIND"
0.093,"47",50,2,0.5,66.5815842944544,74.0818115146536,1000,"STRUCT-BIND"
0.261,"48",200,2,0.5,57.0505660718019,46.2383385484777,1000,"STRUCT-BIND"
0,"49",2,2.25,0.5,40.089587833249,21.9121253963307,1000,"STRUCT-BIND"
0,"50",10,2.25,0.5,49.4451650344912,39.7891532766051,1000,"STRUCT-BIND"
0.074,"51",50,2.25,0.5,68.7238484562242,88.6252398711435,1000,"STRUCT-BIND"
0.241,"52",200,2.25,0.5,52.3604223701608,49.5758374901547,1000,"STRUCT-BIND"
0,"53",2,2.5,0.5,36.1056162308372,19.6284260074034,1000,"STRUCT-BIND"
0,"54",10,2.5,0.5,44.0426774238238,32.3775282755601,1000,"STRUCT-BIND"
0.054,"55",50,2.5,0.5,60.0210469760236,81.3913683128645,1000,"STRUCT-BIND"
0.201,"56",200,2.5,0.5,52.4230542002491,55.0858519594589,1000,"STRUCT-BIND"
0,"57",2,2.75,0.5,34.0353513985693,17.6173325961259,1000,"STRUCT-BIND"
0,"58",10,2.75,0.5,39.4278286042651,28.9719703795742,1000,"STRUCT-BIND"
0.025,"59",50,2.75,0.5,59.9830203624836,95.3615513004942,1000,"STRUCT-BIND"
0.183,"60",200,2.75,0.5,48.1568089496309,46.3243732414782,1000,"STRUCT-BIND"
0,"61",2,3,0.5,30.6051422109492,16.1212646334408,1000,"STRUCT-BIND"
0,"62",10,3,0.5,34.3645403269238,23.1841775333993,1000,"STRUCT-BIND"
0.019,"63",50,3,0.5,61.1057698066328,94.0112223481054,1000,"STRUCT-BIND"
0.177,"64",200,3,0.5,44.7685848969056,39.7136545539234,1000,"STRUCT-BIND"
0,"65",2,3.5,0.5,28.1039542668826,14.6426787498404,1000,"STRUCT-BIND"
0,"66",10,3.5,0.5,30.7718591656703,19.5354145741335,1000,"STRUCT-BIND"
0.002,"67",50,3.5,0.5,51.2181276384314,83.7831942131183,1000,"STRUCT-BIND"
0.136,"68",200,3.5,0.5,44.5586262953136,45.9378615557662,1000,"STRUCT-BIND"
0,"69",2,4,0.5,24.0884146730912,12.496433092809,1000,"STRUCT-BIND"
0,"70",10,4,0.5,27.3998840644797,16.7548083681463,1000,"STRUCT-BIND"
0,"71",50,4,0.5,44.6372815593192,72.7722275239361,1000,"STRUCT-BIND"
0.122,"72",200,4,0.5,41.9466455327554,47.5458625509555,1000,"STRUCT-BIND"
0,"73",2,4.5,0.5,23.0409943052554,11.3541872713782,1000,"STRUCT-BIND"
0,"74",10,4.5,0.5,26.5044695939702,16.8091734615734,1000,"STRUCT-BIND"
0,"75",50,4.5,0.5,41.4649425817399,67.766249538429,1000,"STRUCT-BIND"
0.087,"76",200,4.5,0.5,40.0550200875802,48.7178407382481,1000,"STRUCT-BIND"
0,"77",2,5,0.5,21.9687464385981,11.025065226373,1000,"STRUCT-BIND"
0,"78",10,5,0.5,22.9846505113634,13.0121106202774,1000,"STRUCT-BIND"
0,"79",50,5,0.5,33.9407157142368,40.9239802862397,1000,"STRUCT-BIND"
0.076,"80",200,5,0.5,40.9049251145791,57.290292119282,1000,"STRUCT-BIND"
1,"81",2,0,0.6,NA,NA,1000,"STRUCT-BIND"
1,"82",10,0,0.6,NA,NA,1000,"STRUCT-BIND"
1,"83",50,0,0.6,NA,NA,1000,"STRUCT-BIND"
1,"84",200,0,0.6,NA,NA,1000,"STRUCT-BIND"
0.958,"85",2,0.5,0.6,43.1336845705152,36.565269608865,1000,"STRUCT-BIND"
0.963,"86",10,0.5,0.6,35.3038820887357,29.9841045463807,1000,"STRUCT-BIND"
0.973,"87",50,0.5,0.6,40.1880190574063,36.5534564312807,1000,"STRUCT-BIND"
0.972,"88",200,0.5,0.6,37.8859084699378,25.8442313163356,1000,"STRUCT-BIND"
0.838,"89",2,0.7,0.6,77.7493316119296,67.4219976118442,1000,"STRUCT-BIND"
0.862,"90",10,0.7,0.6,80.6066891372901,62.0627979545043,1000,"STRUCT-BIND"
0.902,"91",50,0.7,0.6,59.8112369952091,42.1456986825145,1000,"STRUCT-BIND"
0.901,"92",200,0.7,0.6,66.2705871969533,55.5270645273383,1000,"STRUCT-BIND"
0.282,"93",2,0.9,0.6,214.855289302734,223.09056134988,1000,"STRUCT-BIND"
0.584,"94",10,0.9,0.6,127.359187186655,111.441644786308,1000,"STRUCT-BIND"
0.687,"95",50,0.9,0.6,103.029069386315,82.9637303262184,1000,"STRUCT-BIND"
0.772,"96",200,0.9,0.6,87.0334886127492,67.7489870875985,1000,"STRUCT-BIND"
0.022,"97",2,1,0.6,223.357135858906,219.75424976473,1000,"STRUCT-BIND"
0.354,"98",10,1,0.6,147.764430875981,136.376419610959,1000,"STRUCT-BIND"
0.571,"99",50,1,0.6,97.7594031104387,74.1938392897661,1000,"STRUCT-BIND"
0.65,"100",200,1,0.6,93.1628272279225,69.7531761278644,1000,"STRUCT-BIND"
0.001,"101",2,1.1,0.6,147.289588205312,125.939322508771,1000,"STRUCT-BIND"
0.229,"102",10,1.1,0.6,153.22169084139,141.068007329235,1000,"STRUCT-BIND"
0.474,"103",50,1.1,0.6,101.984329342737,81.6595051664342,1000,"STRUCT-BIND"
0.573,"104",200,1.1,0.6,89.1650601542459,66.9093999629036,1000,"STRUCT-BIND"
0,"105",2,1.2,0.6,108.742222241862,78.0963642123747,1000,"STRUCT-BIND"
0.088,"106",10,1.2,0.6,142.883133952215,157.196120214664,1000,"STRUCT-BIND"
0.396,"107",50,1.2,0.6,93.9891708761839,69.7169134013115,1000,"STRUCT-BIND"
0.52,"108",200,1.2,0.6,84.7436681031162,60.9471184936398,1000,"STRUCT-BIND"
0,"109",2,1.3,0.6,91.06606638198,66.0600345008867,1000,"STRUCT-BIND"
0.033,"110",10,1.3,0.6,130.364748150618,152.82850533653,1000,"STRUCT-BIND"
0.329,"111",50,1.3,0.6,92.1135738405246,75.1852235551403,1000,"STRUCT-BIND"
0.487,"112",200,1.3,0.6,78.0081646197334,58.6374724533388,1000,"STRUCT-BIND"
0,"113",2,1.4,0.6,76.4238919776264,50.0725099764617,1000,"STRUCT-BIND"
0.008,"114",10,1.4,0.6,112.720209325799,138.017872217963,1000,"STRUCT-BIND"
0.307,"115",50,1.4,0.6,83.8856551583304,64.7152900947699,1000,"STRUCT-BIND"
0.422,"116",200,1.4,0.6,72.5124024375779,53.7156531434042,1000,"STRUCT-BIND"
0,"117",2,1.5,0.6,68.6011423601835,46.3906654604404,1000,"STRUCT-BIND"
0,"118",10,1.5,0.6,101.616557113472,117.505236241355,1000,"STRUCT-BIND"
0.252,"119",50,1.5,0.6,81.6172436445979,68.5538781352034,1000,"STRUCT-BIND"
0.422,"120",200,1.5,0.6,67.833436369576,47.2483988803907,1000,"STRUCT-BIND"
0,"121",2,1.75,0.6,55.4936188973599,33.6510478062976,1000,"STRUCT-BIND"
0,"122",10,1.75,0.6,74.4703337206956,71.0049995962416,1000,"STRUCT-BIND"
0.159,"123",50,1.75,0.6,76.5761433207692,69.2380301843618,1000,"STRUCT-BIND"
0.349,"124",200,1.75,0.6,62.1500974060549,49.4873086193463,1000,"STRUCT-BIND"
0,"125",2,2,0.6,47.4288063564644,27.01875177244,1000,"STRUCT-BIND"
0,"126",10,2,0.6,59.3788558492156,47.3847711475039,1000,"STRUCT-BIND"
0.133,"127",50,2,0.6,68.9010101210449,70.8233374706597,1000,"STRUCT-BIND"
0.31,"128",200,2,0.6,55.7566729411668,45.8328505151191,1000,"STRUCT-BIND"
0,"129",2,2.25,0.6,40.3571049665278,22.1093222438516,1000,"STRUCT-BIND"
0,"130",10,2.25,0.6,53.4396267410498,42.403034805122,1000,"STRUCT-BIND"
0.08,"131",50,2.25,0.6,66.3701725351958,72.8618965131815,1000,"STRUCT-BIND"
0.292,"132",200,2.25,0.6,57.4192034805929,53.9273538214169,1000,"STRUCT-BIND"
0,"133",2,2.5,0.6,37.9680797400296,20.409701700597,1000,"STRUCT-BIND"
0,"134",10,2.5,0.6,44.7931747120287,33.5464637532916,1000,"STRUCT-BIND"
0.072,"135",50,2.5,0.6,71.2342732436051,95.8966809076606,1000,"STRUCT-BIND"
0.261,"136",200,2.5,0.6,51.9517783910653,49.0397246441945,1000,"STRUCT-BIND"
0,"137",2,2.75,0.6,32.2075929507632,17.1428523808487,1000,"STRUCT-BIND"
0,"138",10,2.75,0.6,40.9300640280916,29.2773421259577,1000,"STRUCT-BIND"
0.043,"139",50,2.75,0.6,67.4147398360653,98.5865280914717,1000,"STRUCT-BIND"
0.235,"140",200,2.75,0.6,54.0497478835739,58.9196933579349,1000,"STRUCT-BIND"
0,"141",2,3,0.6,31.5994058278429,16.9992208804733,1000,"STRUCT-BIND"
0,"142",10,3,0.6,37.7964758064614,27.9722912364711,1000,"STRUCT-BIND"
0.014,"143",50,3,0.6,66.9586512950808,107.164215426939,1000,"STRUCT-BIND"
0.213,"144",200,3,0.6,50.5115867742455,52.6907479763553,1000,"STRUCT-BIND"
0,"145",2,3.5,0.6,27.5211272970372,14.5778314536185,1000,"STRUCT-BIND"
0,"146",10,3.5,0.6,32.4222625858824,23.6731186145977,1000,"STRUCT-BIND"
0.001,"147",50,3.5,0.6,54.626936266305,88.2773517660609,1000,"STRUCT-BIND"
0.172,"148",200,3.5,0.6,49.1087369612058,54.0986161252055,1000,"STRUCT-BIND"
0,"149",2,4,0.6,25.054878874889,12.929479550701,1000,"STRUCT-BIND"
0,"150",10,4,0.6,28.5707290614977,18.097318476859,1000,"STRUCT-BIND"
0,"151",50,4,0.6,46.3757228241515,58.9921271193826,1000,"STRUCT-BIND"
0.134,"152",200,4,0.6,48.7115846642158,58.5824071108434,1000,"STRUCT-BIND"
0,"153",2,4.5,0.6,22.9629592196386,11.6373314877878,1000,"STRUCT-BIND"
0,"154",10,4.5,0.6,25.7315866011406,15.3288719607125,1000,"STRUCT-BIND"
0,"155",50,4.5,0.6,44.8328913659902,57.330355019241,1000,"STRUCT-BIND"
0.134,"156",200,4.5,0.6,46.9116888246962,65.2687303504538,1000,"STRUCT-BIND"
0,"157",2,5,0.6,21.706849907878,11.1558343861857,1000,"STRUCT-BIND"
0,"158",10,5,0.6,25.1463085281868,16.6766546935133,1000,"STRUCT-BIND"
0,"159",50,5,0.6,40.5226835265582,54.0416954435957,1000,"STRUCT-BIND"
0.103,"160",200,5,0.6,45.4967211336155,63.5422818596521,1000,"STRUCT-BIND"
1,"161",2,0,0.7,NA,NA,1000,"STRUCT-BIND"
1,"162",10,0,0.7,NA,NA,1000,"STRUCT-BIND"
1,"163",50,0,0.7,NA,NA,1000,"STRUCT-BIND"
1,"164",200,0,0.7,NA,NA,1000,"STRUCT-BIND"
0.965,"165",2,0.5,0.7,30.6171767958722,22.5947884235827,1000,"STRUCT-BIND"
0.967,"166",10,0.5,0.7,42.1854283414863,39.1955663481823,1000,"STRUCT-BIND"
0.962,"167",50,0.5,0.7,32.345130476219,23.3266057538949,1000,"STRUCT-BIND"
0.961,"168",200,0.5,0.7,36.3071655455769,20.0318003001399,1000,"STRUCT-BIND"
0.849,"169",2,0.7,0.7,84.0021401149974,68.521610047498,1000,"STRUCT-BIND"
0.894,"170",10,0.7,0.7,76.485984670248,69.9426376789266,1000,"STRUCT-BIND"
0.906,"171",50,0.7,0.7,62.2758887769186,47.6017357003156,1000,"STRUCT-BIND"
0.911,"172",200,0.7,0.7,70.1586959743628,53.3643369326618,1000,"STRUCT-BIND"
0.337,"173",2,0.9,0.7,226.29393622295,225.357689994957,1000,"STRUCT-BIND"
0.613,"174",10,0.9,0.7,131.251517718914,117.994307211398,1000,"STRUCT-BIND"
0.736,"175",50,0.9,0.7,109.650833689163,89.3379334332851,1000,"STRUCT-BIND"
0.772,"176",200,0.9,0.7,100.9806973212,88.6413350011315,1000,"STRUCT-BIND"
0.021,"177",2,1,0.7,208.702597143598,207.546536030692,1000,"STRUCT-BIND"
0.39,"178",10,1,0.7,154.187476435102,154.746765998788,1000,"STRUCT-BIND"
0.603,"179",50,1,0.7,112.728554949249,87.6375411277573,1000,"STRUCT-BIND"
0.662,"180",200,1,0.7,91.7058032663476,70.5931951258828,1000,"STRUCT-BIND"
0,"181",2,1.1,0.7,140.21913194891,117.305539553234,1000,"STRUCT-BIND"
0.24,"182",10,1.1,0.7,149.177141583179,133.019536611945,1000,"STRUCT-BIND"
0.514,"183",50,1.1,0.7,101.215159928499,87.1233071751481,1000,"STRUCT-BIND"
0.578,"184",200,1.1,0.7,88.9996752120365,66.3550782450713,1000,"STRUCT-BIND"
0,"185",2,1.2,0.7,110.053650058864,81.6267275266407,1000,"STRUCT-BIND"
0.11,"186",10,1.2,0.7,147.230895010097,154.883738394439,1000,"STRUCT-BIND"
0.457,"187",50,1.2,0.7,103.041905368728,83.4418352884635,1000,"STRUCT-BIND"
0.553,"188",200,1.2,0.7,78.6752828766742,59.9471207893322,1000,"STRUCT-BIND"
0,"189",2,1.3,0.7,91.7701195275555,64.2990899267894,1000,"STRUCT-BIND"
0.047,"190",10,1.3,0.7,147.053748242763,174.244802929343,1000,"STRUCT-BIND"
0.385,"191",50,1.3,0.7,90.6498401285244,71.9343054984085,1000,"STRUCT-BIND"
0.536,"192",200,1.3,0.7,78.3392593387321,55.8978235337475,1000,"STRUCT-BIND"
0,"193",2,1.4,0.7,81.3852738712637,53.3064195641179,1000,"STRUCT-BIND"
0.011,"194",10,1.4,0.7,133.021762157247,160.105654466326,1000,"STRUCT-BIND"
0.313,"195",50,1.4,0.7,87.5334487071859,75.0108995572601,1000,"STRUCT-BIND"
0.511,"196",200,1.4,0.7,73.5949019148264,52.0662824399128,1000,"STRUCT-BIND"
0,"197",2,1.5,0.7,71.7219899513107,42.4054487346964,1000,"STRUCT-BIND"
0.005,"198",10,1.5,0.7,116.245986914231,137.666157987862,1000,"STRUCT-BIND"
0.282,"199",50,1.5,0.7,87.5355254911028,80.7300152042346,1000,"STRUCT-BIND"
0.476,"200",200,1.5,0.7,69.6437898452401,52.3546296007529,1000,"STRUCT-BIND"
0,"201",2,1.75,0.7,55.8421421001625,33.4610768426547,1000,"STRUCT-BIND"
0,"202",10,1.75,0.7,78.6312633397204,75.5002051757283,1000,"STRUCT-BIND"
0.206,"203",50,1.75,0.7,85.3245569926233,89.3899066196077,1000,"STRUCT-BIND"
0.391,"204",200,1.75,0.7,65.411414690147,57.6780399558729,1000,"STRUCT-BIND"
0,"205",2,2,0.7,49.350903727671,29.1500657178322,1000,"STRUCT-BIND"
0,"206",10,2,0.7,64.1504071562646,61.5164814920449,1000,"STRUCT-BIND"
0.174,"207",50,2,0.7,78.8574704148878,81.92751464617,1000,"STRUCT-BIND"
0.389,"208",200,2,0.7,62.4986010906021,56.8756045822846,1000,"STRUCT-BIND"
0,"209",2,2.25,0.7,42.8073655588171,23.7242082959407,1000,"STRUCT-BIND"
0,"210",10,2.25,0.7,57.5120879099277,51.9475188488907,1000,"STRUCT-BIND"
0.123,"211",50,2.25,0.7,75.3064515021339,86.2009790475754,1000,"STRUCT-BIND"
0.321,"212",200,2.25,0.7,63.0884133730376,62.6497331606742,1000,"STRUCT-BIND"
0,"213",2,2.5,0.7,37.6555374914578,21.1605831486736,1000,"STRUCT-BIND"
0,"214",10,2.5,0.7,47.9628779135905,36.8332714018093,1000,"STRUCT-BIND"
0.078,"215",50,2.5,0.7,75.2380240878589,105.724167248213,1000,"STRUCT-BIND"
0.297,"216",200,2.5,0.7,54.5347933553223,54.1715304272449,1000,"STRUCT-BIND"
0,"217",2,2.75,0.7,34.0078890670136,18.0946423095992,1000,"STRUCT-BIND"
0,"218",10,2.75,0.7,42.9800717261403,31.105906280113,1000,"STRUCT-BIND"
0.048,"219",50,2.75,0.7,78.673020829738,128.023292419586,1000,"STRUCT-BIND"
0.301,"220",200,2.75,0.7,54.1526162838793,60.9687009744681,1000,"STRUCT-BIND"
0,"221",2,3,0.7,31.0962709516525,16.9238729010131,1000,"STRUCT-BIND"
0,"222",10,3,0.7,38.000348456357,26.6453434716144,1000,"STRUCT-BIND"
0.027,"223",50,3,0.7,81.2506521989952,122.415907741053,1000,"STRUCT-BIND"
0.246,"224",200,3,0.7,54.182407094362,60.8337152513451,1000,"STRUCT-BIND"
0,"225",2,3.5,0.7,28.3956221494604,15.3281353024271,1000,"STRUCT-BIND"
0,"226",10,3.5,0.7,34.8071929935472,25.9546456154289,1000,"STRUCT-BIND"
0.004,"227",50,3.5,0.7,68.9224081623539,114.731562606576,1000,"STRUCT-BIND"
0.241,"228",200,3.5,0.7,53.8992379696879,64.8726246547726,1000,"STRUCT-BIND"
0,"229",2,4,0.7,25.2226340299579,12.7741947232569,1000,"STRUCT-BIND"
0,"230",10,4,0.7,30.6570915497834,21.0960281182555,1000,"STRUCT-BIND"
0,"231",50,4,0.7,60.6176050971752,98.4734239479067,1000,"STRUCT-BIND"
0.185,"232",200,4,0.7,55.0576450166935,67.8134651828267,1000,"STRUCT-BIND"
0,"233",2,4.5,0.7,23.0968099928544,11.6774935180569,1000,"STRUCT-BIND"
0,"234",10,4.5,0.7,27.0400353854892,19.8428376583221,1000,"STRUCT-BIND"
0,"235",50,4.5,0.7,53.5574379887606,84.3058309516043,1000,"STRUCT-BIND"
0.184,"236",200,4.5,0.7,53.1506392588675,70.607694098552,1000,"STRUCT-BIND"
0,"237",2,5,0.7,21.6748419568685,10.7524173900834,1000,"STRUCT-BIND"
0,"238",10,5,0.7,26.0961095798925,17.4899663037699,1000,"STRUCT-BIND"
0,"239",50,5,0.7,46.7219693709397,59.9735473688519,1000,"STRUCT-BIND"
0.145,"240",200,5,0.7,57.2002461618557,76.0067132397643,1000,"STRUCT-BIND"
1,"241",2,0,0.8,NA,NA,1000,"STRUCT-BIND"
1,"242",10,0,0.8,NA,NA,1000,"STRUCT-BIND"
1,"243",50,0,0.8,NA,NA,1000,"STRUCT-BIND"
1,"244",200,0,0.8,NA,NA,1000,"STRUCT-BIND"
0.97,"245",2,0.5,0.8,34.4510818787656,34.8480802581843,1000,"STRUCT-BIND"
0.968,"246",10,0.5,0.8,41.3877767597727,26.9986065001161,1000,"STRUCT-BIND"
0.969,"247",50,0.5,0.8,42.9121288116013,38.9087446931293,1000,"STRUCT-BIND"
0.977,"248",200,0.5,0.8,28.7454037560741,19.020019470608,1000,"STRUCT-BIND"
0.855,"249",2,0.7,0.8,78.7199646805312,66.6208337811033,1000,"STRUCT-BIND"
0.885,"250",10,0.7,0.8,73.8930147456561,66.2011674162992,1000,"STRUCT-BIND"
0.927,"251",50,0.7,0.8,66.4259489713903,55.0001037220674,1000,"STRUCT-BIND"
0.923,"252",200,0.7,0.8,61.269964128925,48.430272371157,1000,"STRUCT-BIND"
0.293,"253",2,0.9,0.8,225.025038753228,227.837591717844,1000,"STRUCT-BIND"
0.623,"254",10,0.9,0.8,138.336351553961,138.833990288109,1000,"STRUCT-BIND"
0.729,"255",50,0.9,0.8,113.872890261434,92.4407701536705,1000,"STRUCT-BIND"
0.781,"256",200,0.9,0.8,91.5643974430626,63.9701253724057,1000,"STRUCT-BIND"
0.026,"257",2,1,0.8,226.969307947784,222.910988228679,1000,"STRUCT-BIND"
0.43,"258",10,1,0.8,156.11911311149,143.704478036806,1000,"STRUCT-BIND"
0.651,"259",50,1,0.8,109.493461720331,85.3715095677994,1000,"STRUCT-BIND"
0.68,"260",200,1,0.8,99.3337474277665,77.1903352125043,1000,"STRUCT-BIND"
0,"261",2,1.1,0.8,156.919436758319,144.278502826902,1000,"STRUCT-BIND"
0.265,"262",10,1.1,0.8,142.114668057764,135.742950493275,1000,"STRUCT-BIND"
0.541,"263",50,1.1,0.8,98.5810564162016,83.5834793157279,1000,"STRUCT-BIND"
0.649,"264",200,1.1,0.8,92.4761441156602,68.006843993265,1000,"STRUCT-BIND"
0,"265",2,1.2,0.8,115.729128470629,89.9805563522496,1000,"STRUCT-BIND"
0.15,"266",10,1.2,0.8,164.597195852478,173.616775808025,1000,"STRUCT-BIND"
0.496,"267",50,1.2,0.8,96.9184757359606,77.4797727122378,1000,"STRUCT-BIND"
0.577,"268",200,1.2,0.8,79.804506908894,57.5001517568776,1000,"STRUCT-BIND"
0,"269",2,1.3,0.8,96.5922320802566,70.0716803340857,1000,"STRUCT-BIND"
0.06,"270",10,1.3,0.8,149.023111135761,169.348238016997,1000,"STRUCT-BIND"
0.427,"271",50,1.3,0.8,97.3957122896868,76.7932155622446,1000,"STRUCT-BIND"
0.547,"272",200,1.3,0.8,78.395777745454,58.0416136580647,1000,"STRUCT-BIND"
0,"273",2,1.4,0.8,82.0203531761474,55.476871794896,1000,"STRUCT-BIND"
0.026,"274",10,1.4,0.8,138.69207415729,171.383351196434,1000,"STRUCT-BIND"
0.429,"275",50,1.4,0.8,96.3476268755327,95.4608419115809,1000,"STRUCT-BIND"
0.492,"276",200,1.4,0.8,68.5678033068791,48.3387188080724,1000,"STRUCT-BIND"
0,"277",2,1.5,0.8,70.971007053518,48.4153979104539,1000,"STRUCT-BIND"
0.005,"278",10,1.5,0.8,125.758736284473,156.412623224111,1000,"STRUCT-BIND"
0.348,"279",50,1.5,0.8,86.3256985766629,70.0096924096586,1000,"STRUCT-BIND"
0.508,"280",200,1.5,0.8,67.451444759716,53.6333515802413,1000,"STRUCT-BIND"
0,"281",2,1.75,0.8,57.92654179917,37.1291380164694,1000,"STRUCT-BIND"
0,"282",10,1.75,0.8,92.6557712992531,106.488378380135,1000,"STRUCT-BIND"
0.294,"283",50,1.75,0.8,84.5957347232923,86.6554460853249,1000,"STRUCT-BIND"
0.458,"284",200,1.75,0.8,59.9318702463858,49.3588788455132,1000,"STRUCT-BIND"
0,"285",2,2,0.8,48.8404657494475,27.3039680057618,1000,"STRUCT-BIND"
0,"286",10,2,0.8,68.3812506267836,62.108867923536,1000,"STRUCT-BIND"
0.201,"287",50,2,0.8,90.2300950451632,109.170052123064,1000,"STRUCT-BIND"
0.391,"288",200,2,0.8,61.0221220224816,60.3099150324712,1000,"STRUCT-BIND"
0,"289",2,2.25,0.8,43.7075997762987,25.3721107401589,1000,"STRUCT-BIND"
0,"290",10,2.25,0.8,62.0866413589641,55.6362814156594,1000,"STRUCT-BIND"
0.172,"291",50,2.25,0.8,87.8804925647168,119.693691849245,1000,"STRUCT-BIND"
0.375,"292",200,2.25,0.8,53.1055973321194,54.2787348504803,1000,"STRUCT-BIND"
0,"293",2,2.5,0.8,37.9441600170146,20.6183056195466,1000,"STRUCT-BIND"
0,"294",10,2.5,0.8,53.0691157963895,46.5159389504351,1000,"STRUCT-BIND"
0.098,"295",50,2.5,0.8,83.2813224225471,113.592613594327,1000,"STRUCT-BIND"
0.341,"296",200,2.5,0.8,59.7706075851095,69.4138429569138,1000,"STRUCT-BIND"
0,"297",2,2.75,0.8,35.7416493457444,20.9491470036287,1000,"STRUCT-BIND"
0,"298",10,2.75,0.8,48.4158893086619,42.3372634592988,1000,"STRUCT-BIND"
0.071,"299",50,2.75,0.8,88.4759388521245,126.422334028756,1000,"STRUCT-BIND"
0.337,"300",200,2.75,0.8,58.0271295227084,69.5254872881155,1000,"STRUCT-BIND"
0,"301",2,3,0.8,32.4161423348861,17.3323219876805,1000,"STRUCT-BIND"
0,"302",10,3,0.8,44.1195989450383,36.5751406251078,1000,"STRUCT-BIND"
0.048,"303",50,3,0.8,93.2160955117731,146.282048650263,1000,"STRUCT-BIND"
0.319,"304",200,3,0.8,55.3882841292156,70.3578036120795,1000,"STRUCT-BIND"
0,"305",2,3.5,0.8,28.2413842808637,15.1514079122918,1000,"STRUCT-BIND"
0,"306",10,3.5,0.8,37.4974190173302,30.591707233045,1000,"STRUCT-BIND"
0.028,"307",50,3.5,0.8,90.6075935643797,151.43920746719,1000,"STRUCT-BIND"
0.302,"308",200,3.5,0.8,58.4316129684354,77.8396895721314,1000,"STRUCT-BIND"
0,"309",2,4,0.8,26.8222534692758,14.1053307062975,1000,"STRUCT-BIND"
0,"310",10,4,0.8,32.1042135210769,24.0685022530274,1000,"STRUCT-BIND"
0.005,"311",50,4,0.8,79.4206253422482,126.817349301859,1000,"STRUCT-BIND"
0.257,"312",200,4,0.8,56.7164033078146,73.2831029155839,1000,"STRUCT-BIND"
0,"313",2,4.5,0.8,23.1944211630053,12.0022910983904,1000,"STRUCT-BIND"
0,"314",10,4.5,0.8,29.1545456755922,23.3816629497153,1000,"STRUCT-BIND"
0.001,"315",50,4.5,0.8,69.8999732822641,109.412432470396,1000,"STRUCT-BIND"
0.219,"316",200,4.5,0.8,61.0335450784669,92.5934435148261,1000,"STRUCT-BIND"
0,"317",2,5,0.8,22.0797219505688,11.6134135545946,1000,"STRUCT-BIND"
0,"318",10,5,0.8,27.4306351301602,21.0564123644385,1000,"STRUCT-BIND"
0,"319",50,5,0.8,63.5919272916864,94.171035503201,1000,"STRUCT-BIND"
0.191,"320",200,5,0.8,69.7274309635852,104.856032959147,1000,"STRUCT-BIND"
1,"321",2,0,0.9,NA,NA,1000,"STRUCT-BIND"
1,"322",10,0,0.9,NA,NA,1000,"STRUCT-BIND"
1,"323",50,0,0.9,NA,NA,1000,"STRUCT-BIND"
1,"324",200,0,0.9,NA,NA,1000,"STRUCT-BIND"
0.956,"325",2,0.5,0.9,31.8537956737398,20.4378367889979,1000,"STRUCT-BIND"
0.965,"326",10,0.5,0.9,37.0926989129474,25.8696677766235,1000,"STRUCT-BIND"
0.978,"327",50,0.5,0.9,38.4743226584904,31.7663610520874,1000,"STRUCT-BIND"
0.98,"328",200,0.5,0.9,27.6329994972939,21.006007005423,1000,"STRUCT-BIND"
0.86,"329",2,0.7,0.9,67.8398282873208,56.5832419403412,1000,"STRUCT-BIND"
0.896,"330",10,0.7,0.9,71.095953654829,60.7900474310096,1000,"STRUCT-BIND"
0.925,"331",50,0.7,0.9,66.5093714677801,56.0918911214206,1000,"STRUCT-BIND"
0.914,"332",200,0.7,0.9,64.1307514110786,53.4338033090595,1000,"STRUCT-BIND"
0.331,"333",2,0.9,0.9,212.717026297878,208.421637088701,1000,"STRUCT-BIND"
0.645,"334",10,0.9,0.9,139.728771219885,118.874516241835,1000,"STRUCT-BIND"
0.752,"335",50,0.9,0.9,114.709442500651,101.119736116208,1000,"STRUCT-BIND"
0.777,"336",200,0.9,0.9,100.727086330748,79.7461832893712,1000,"STRUCT-BIND"
0.038,"337",2,1,0.9,239.449465923062,227.463281692865,1000,"STRUCT-BIND"
0.444,"338",10,1,0.9,150.460682832795,131.884545748787,1000,"STRUCT-BIND"
0.667,"339",50,1,0.9,106.715485731941,88.3732431440335,1000,"STRUCT-BIND"
0.712,"340",200,1,0.9,95.350032431547,75.5937569565605,1000,"STRUCT-BIND"
0.001,"341",2,1.1,0.9,158.921754796185,142.08148063476,1000,"STRUCT-BIND"
0.296,"342",10,1.1,0.9,161.604665671476,160.447416035348,1000,"STRUCT-BIND"
0.574,"343",50,1.1,0.9,103.967743007242,77.8610045569698,1000,"STRUCT-BIND"
0.637,"344",200,1.1,0.9,93.1103870551018,63.0458907867317,1000,"STRUCT-BIND"
0,"345",2,1.2,0.9,117.078557223737,89.8014651086778,1000,"STRUCT-BIND"
0.179,"346",10,1.2,0.9,167.575748333954,186.808747859176,1000,"STRUCT-BIND"
0.516,"347",50,1.2,0.9,92.3505932126959,71.9024657374472,1000,"STRUCT-BIND"
0.618,"348",200,1.2,0.9,86.5384167927078,62.8039609686833,1000,"STRUCT-BIND"
0,"349",2,1.3,0.9,101.225782854131,80.0952141238046,1000,"STRUCT-BIND"
0.109,"350",10,1.3,0.9,160.407724044676,185.151049639831,1000,"STRUCT-BIND"
0.468,"351",50,1.3,0.9,84.8630882330386,65.2410539319821,1000,"STRUCT-BIND"
0.575,"352",200,1.3,0.9,74.3053778342916,54.0735685468556,1000,"STRUCT-BIND"
0,"353",2,1.4,0.9,86.6264145773766,61.8109424571893,1000,"STRUCT-BIND"
0.068,"354",10,1.4,0.9,157.579232463095,191.267835631163,1000,"STRUCT-BIND"
0.441,"355",50,1.4,0.9,84.5742399986271,68.3154676469756,1000,"STRUCT-BIND"
0.57,"356",200,1.4,0.9,70.237499573641,50.4754876918162,1000,"STRUCT-BIND"
0,"357",2,1.5,0.9,79.0859554421587,53.3031760438604,1000,"STRUCT-BIND"
0.02,"358",10,1.5,0.9,140.976796897363,169.632291839779,1000,"STRUCT-BIND"
0.381,"359",50,1.5,0.9,89.3434300005527,84.0286793140347,1000,"STRUCT-BIND"
0.526,"360",200,1.5,0.9,70.004229239517,52.9233893236771,1000,"STRUCT-BIND"
0,"361",2,1.75,0.9,61.5129230652389,37.3547549123584,1000,"STRUCT-BIND"
0.001,"362",10,1.75,0.9,120.994931059825,153.249823019273,1000,"STRUCT-BIND"
0.336,"363",50,1.75,0.9,83.7219379072544,91.0818422709466,1000,"STRUCT-BIND"
0.482,"364",200,1.75,0.9,61.2925861824447,63.8594615765574,1000,"STRUCT-BIND"
0,"365",2,2,0.9,51.6132632985855,29.938387711709,1000,"STRUCT-BIND"
0,"366",10,2,0.9,89.4472200373564,108.59458541101,1000,"STRUCT-BIND"
0.277,"367",50,2,0.9,86.5815787059885,100.850628593361,1000,"STRUCT-BIND"
0.458,"368",200,2,0.9,60.234534793152,63.737209893051,1000,"STRUCT-BIND"
0,"369",2,2.25,0.9,43.729856859985,25.3126479600552,1000,"STRUCT-BIND"
0,"370",10,2.25,0.9,74.2987300561874,80.4588373012353,1000,"STRUCT-BIND"
0.218,"371",50,2.25,0.9,98.7280544284959,137.952178501694,1000,"STRUCT-BIND"
0.413,"372",200,2.25,0.9,53.5473284491016,59.5058956597148,1000,"STRUCT-BIND"
0,"373",2,2.5,0.9,39.7929500852032,23.2435351104782,1000,"STRUCT-BIND"
0,"374",10,2.5,0.9,64.1582792357865,79.0382709435793,1000,"STRUCT-BIND"
0.17,"375",50,2.5,0.9,103.465727525,157.904183986947,1000,"STRUCT-BIND"
0.394,"376",200,2.5,0.9,52.7894707757284,58.9734521999598,1000,"STRUCT-BIND"
0,"377",2,2.75,0.9,35.4955263910163,20.5508250787289,1000,"STRUCT-BIND"
0,"378",10,2.75,0.9,57.1324985617947,66.1305693812282,1000,"STRUCT-BIND"
0.136,"379",50,2.75,0.9,101.345732627182,147.280890527735,1000,"STRUCT-BIND"
0.408,"380",200,2.75,0.9,52.4095492282008,70.6819068197675,1000,"STRUCT-BIND"
0,"381",2,3,0.9,33.2371583385994,17.8443989428077,1000,"STRUCT-BIND"
0,"382",10,3,0.9,53.8233018025083,55.6503453100781,1000,"STRUCT-BIND"
0.131,"383",50,3,0.9,109.016965330287,164.911679336743,1000,"STRUCT-BIND"
0.374,"384",200,3,0.9,57.5411370113062,91.8548723519512,1000,"STRUCT-BIND"
0,"385",2,3.5,0.9,29.2435579840862,16.6522302085709,1000,"STRUCT-BIND"
0,"386",10,3.5,0.9,43.9847249620268,46.2365320930088,1000,"STRUCT-BIND"
0.061,"387",50,3.5,0.9,108.560502053147,182.536169565673,1000,"STRUCT-BIND"
0.347,"388",200,3.5,0.9,60.8025708499046,92.2034641940728,1000,"STRUCT-BIND"
0,"389",2,4,0.9,26.943960625976,14.3134487157191,1000,"STRUCT-BIND"
0,"390",10,4,0.9,38.6199455313055,38.6606184170139,1000,"STRUCT-BIND"
0.024,"391",50,4,0.9,110.650083716799,191.653097359195,1000,"STRUCT-BIND"
0.307,"392",200,4,0.9,57.0150551731085,87.7059755971332,1000,"STRUCT-BIND"
0,"393",2,4.5,0.9,23.8014582342597,12.5857752943192,1000,"STRUCT-BIND"
0,"394",10,4.5,0.9,34.3817914433466,33.3872693512958,1000,"STRUCT-BIND"
0.013,"395",50,4.5,0.9,104.762931554879,177.910894450596,1000,"STRUCT-BIND"
0.288,"396",200,4.5,0.9,63.4521041928207,104.00332885813,1000,"STRUCT-BIND"
0,"397",2,5,0.9,23.1783683075939,12.5907297564328,1000,"STRUCT-BIND"
0,"398",10,5,0.9,30.9588138355309,26.7756766334846,1000,"STRUCT-BIND"
0.004,"399",50,5,0.9,92.0559899615551,163.48112149205,1000,"STRUCT-BIND"
0.234,"400",200,5,0.9,75.0514686711755,124.6173020201,1000,"STRUCT-BIND"
1,"401",2,0,1,NA,NA,1000,"STRUCT-BIND"
1,"402",10,0,1,NA,NA,1000,"STRUCT-BIND"
1,"403",50,0,1,NA,NA,1000,"STRUCT-BIND"
1,"404",200,0,1,NA,NA,1000,"STRUCT-BIND"
0.97,"405",2,0.5,1,36.9379166690102,38.3370662788631,1000,"STRUCT-BIND"
0.965,"406",10,0.5,1,33.8454570362976,22.0563464475383,1000,"STRUCT-BIND"
0.978,"407",50,0.5,1,36.7063388497233,26.367584726204,1000,"STRUCT-BIND"
0.979,"408",200,0.5,1,31.9858752292687,19.6486307128221,1000,"STRUCT-BIND"
0.847,"409",2,0.7,1,73.9883205065722,63.5651719304111,1000,"STRUCT-BIND"
0.893,"410",10,0.7,1,73.2514485005449,60.4659226179814,1000,"STRUCT-BIND"
0.931,"411",50,0.7,1,70.8323322427623,58.0501496831477,1000,"STRUCT-BIND"
0.926,"412",200,0.7,1,63.1650866859878,58.5229429174857,1000,"STRUCT-BIND"
0.391,"413",2,0.9,1,224.411656217547,221.665134618505,1000,"STRUCT-BIND"
0.668,"414",10,0.9,1,128.221100515818,114.115476024085,1000,"STRUCT-BIND"
0.76,"415",50,0.9,1,104.243782034011,84.1074909750274,1000,"STRUCT-BIND"
0.77,"416",200,0.9,1,102.46248968313,83.605569982637,1000,"STRUCT-BIND"
0.064,"417",2,1,1,236.160135355789,235.078507825314,1000,"STRUCT-BIND"
0.485,"418",10,1,1,147.037857238288,132.801660086097,1000,"STRUCT-BIND"
0.665,"419",50,1,1,101.174446589745,83.15006011536,1000,"STRUCT-BIND"
0.67,"420",200,1,1,98.9332145598536,72.9699894068478,1000,"STRUCT-BIND"
0.01,"421",2,1.1,1,183.633782112366,183.235908491713,1000,"STRUCT-BIND"
0.373,"422",10,1.1,1,140.379317446191,137.426541488028,1000,"STRUCT-BIND"
0.585,"423",50,1.1,1,98.0941049349487,68.7238818888434,1000,"STRUCT-BIND"
0.628,"424",200,1.1,1,89.9484770362276,60.1478358660942,1000,"STRUCT-BIND"
0.003,"425",2,1.2,1,140.046104057628,144.387771216948,1000,"STRUCT-BIND"
0.272,"426",10,1.2,1,144.193309859333,149.018080413713,1000,"STRUCT-BIND"
0.53,"427",50,1.2,1,91.319172166533,72.8320942455056,1000,"STRUCT-BIND"
0.612,"428",200,1.2,1,78.73186980643,53.5262862309374,1000,"STRUCT-BIND"
0,"429",2,1.3,1,112.070392146516,107.735454576323,1000,"STRUCT-BIND"
0.203,"430",10,1.3,1,133.762882080348,153.759480117425,1000,"STRUCT-BIND"
0.493,"431",50,1.3,1,90.588127393839,85.6863847764301,1000,"STRUCT-BIND"
0.537,"432",200,1.3,1,72.8014609229561,49.4111576497298,1000,"STRUCT-BIND"
0,"433",2,1.4,1,94.1441623327937,86.5365691536859,1000,"STRUCT-BIND"
0.145,"434",10,1.4,1,134.244662066789,161.530600617881,1000,"STRUCT-BIND"
0.481,"435",50,1.4,1,76.6975710882973,63.300666249377,1000,"STRUCT-BIND"
0.541,"436",200,1.4,1,69.5230185581103,54.2538205615809,1000,"STRUCT-BIND"
0,"437",2,1.5,1,84.9147055527919,71.2241313199593,1000,"STRUCT-BIND"
0.126,"438",10,1.5,1,133.197569089762,177.387009128043,1000,"STRUCT-BIND"
0.425,"439",50,1.5,1,80.5027294492164,82.1552723097783,1000,"STRUCT-BIND"
0.534,"440",200,1.5,1,63.3223342958248,46.9611605902425,1000,"STRUCT-BIND"
0,"441",2,1.75,1,65.9957146714336,49.6825069952173,1000,"STRUCT-BIND"
0.057,"442",10,1.75,1,122.986883871511,171.565959607831,1000,"STRUCT-BIND"
0.4,"443",50,1.75,1,77.7795654653886,96.7576160167579,1000,"STRUCT-BIND"
0.5,"444",200,1.75,1,58.0430624537407,56.0589554090028,1000,"STRUCT-BIND"
0,"445",2,2,1,56.3036437994992,45.7651609899651,1000,"STRUCT-BIND"
0.043,"446",10,2,1,106.004754622234,154.912705873812,1000,"STRUCT-BIND"
0.327,"447",50,2,1,88.146275932794,115.364670694028,1000,"STRUCT-BIND"
0.494,"448",200,2,1,51.7982546486108,49.9445490779467,1000,"STRUCT-BIND"
0,"449",2,2.25,1,49.9678222479186,39.9895999984978,1000,"STRUCT-BIND"
0.026,"450",10,2.25,1,93.7843048943344,142.613369670973,1000,"STRUCT-BIND"
0.304,"451",50,2.25,1,73.3131958349119,107.236580144507,1000,"STRUCT-BIND"
0.446,"452",200,2.25,1,52.3984300488267,69.3128133906408,1000,"STRUCT-BIND"
0,"453",2,2.5,1,42.0968948969745,28.0171621463739,1000,"STRUCT-BIND"
0.027,"454",10,2.5,1,88.7273991296757,143.756877823583,1000,"STRUCT-BIND"
0.263,"455",50,2.5,1,92.0685550112509,149.469173065011,1000,"STRUCT-BIND"
0.447,"456",200,2.5,1,49.1275018917975,60.7672865733992,1000,"STRUCT-BIND"
0,"457",2,2.75,1,39.3278830211917,27.2076424712998,1000,"STRUCT-BIND"
0.012,"458",10,2.75,1,76.9632467132336,115.662289571878,1000,"STRUCT-BIND"
0.229,"459",50,2.75,1,82.9388800315077,144.483456965238,1000,"STRUCT-BIND"
0.46,"460",200,2.75,1,49.7276639376581,70.7653480624025,1000,"STRUCT-BIND"
0,"461",2,3,1,36.391798724267,23.0291656548827,1000,"STRUCT-BIND"
0.003,"462",10,3,1,70.6331482009014,118.032186775587,1000,"STRUCT-BIND"
0.245,"463",50,3,1,88.1180050636207,156.85097560984,1000,"STRUCT-BIND"
0.406,"464",200,3,1,54.5867069267576,101.687855481101,1000,"STRUCT-BIND"
0,"465",2,3.5,1,31.4017027295959,19.9381506901305,1000,"STRUCT-BIND"
0.006,"466",10,3.5,1,61.6897756462608,107.513748599864,1000,"STRUCT-BIND"
0.196,"467",50,3.5,1,88.8974976803086,151.780786122956,1000,"STRUCT-BIND"
0.356,"468",200,3.5,1,50.3913437831922,90.6622582352164,1000,"STRUCT-BIND"
0,"469",2,4,1,27.7258890672051,15.5795305049466,1000,"STRUCT-BIND"
0.005,"470",10,4,1,55.3129337411327,99.5765043497826,1000,"STRUCT-BIND"
0.137,"471",50,4,1,86.1250806552134,159.594858346667,1000,"STRUCT-BIND"
0.36,"472",200,4,1,48.8961394235158,93.8933120418171,1000,"STRUCT-BIND"
0,"473",2,4.5,1,25.3754290664403,15.4627921142902,1000,"STRUCT-BIND"
0,"474",10,4.5,1,41.2864504070597,59.5873317052337,1000,"STRUCT-BIND"
0.141,"475",50,4.5,1,97.2826487322471,170.685465248129,1000,"STRUCT-BIND"
0.376,"476",200,4.5,1,62.0961388144843,132.029341603396,1000,"STRUCT-BIND"
0,"477",2,5,1,23.8313621168529,12.6484050860761,1000,"STRUCT-BIND"
0.002,"478",10,5,1,39.7679436800398,63.250576770927,1000,"STRUCT-BIND"
0.111,"479",50,5,1,81.0543353720888,153.969575786192,1000,"STRUCT-BIND"
0.333,"480",200,5,1,61.8433493146452,127.080263379998,1000,"STRUCT-BIND"
0,"481",2,6,0.5,18.666699589871,9.26546269519723,1000,"STRUCT-BIND"
0,"482",10,6,0.5,20.0324814415602,12.1331773605319,1000,"STRUCT-BIND"
0,"483",50,6,0.5,30.6290620905385,36.3589543589581,1000,"STRUCT-BIND"
0.047,"484",200,6,0.5,39.6374690569384,56.5442930671847,1000,"STRUCT-BIND"
0,"485",2,7,0.5,17.2794281070136,8.1835149617419,1000,"STRUCT-BIND"
0,"486",10,7,0.5,18.6837360897855,11.6009733027574,1000,"STRUCT-BIND"
0,"487",50,7,0.5,25.0264464981505,26.6228583455215,1000,"STRUCT-BIND"
0.042,"488",200,7,0.5,36.183452348682,58.2598969208304,1000,"STRUCT-BIND"
0,"489",2,8,0.5,15.8656719884819,7.60100390497861,1000,"STRUCT-BIND"
0,"490",10,8,0.5,17.4178826741382,9.22852391795898,1000,"STRUCT-BIND"
0,"491",50,8,0.5,22.727071564261,20.6718091052069,1000,"STRUCT-BIND"
0.019,"492",200,8,0.5,41.328087188666,91.7420735573524,1000,"STRUCT-BIND"
0,"493",2,9,0.5,15.2213542996368,7.05675623980439,1000,"STRUCT-BIND"
0,"494",10,9,0.5,15.979003942296,8.91745477098507,1000,"STRUCT-BIND"
0,"495",50,9,0.5,22.415456207337,25.0678887441932,1000,"STRUCT-BIND"
0.018,"496",200,9,0.5,42.9711982161332,93.2637158585085,1000,"STRUCT-BIND"
0,"497",2,10,0.5,14.5031060882484,7.05211732697713,1000,"STRUCT-BIND"
0,"498",10,10,0.5,15.2394884602361,8.67175929797337,1000,"STRUCT-BIND"
0,"499",50,10,0.5,22.1636758104943,23.6986473212262,1000,"STRUCT-BIND"
0.006,"500",200,10,0.5,43.1586343808571,93.5919802115545,1000,"STRUCT-BIND"
0,"501",2,12,0.5,13.1250802031598,6.07155127800454,1000,"STRUCT-BIND"
0,"502",10,12,0.5,13.6281349643998,6.90189639077796,1000,"STRUCT-BIND"
0,"503",50,12,0.5,17.8876632021855,15.5006899964302,1000,"STRUCT-BIND"
0,"504",200,12,0.5,33.2353720866966,68.4196029742487,1000,"STRUCT-BIND"
0,"505",2,14,0.5,12.3792828861172,6.17072346682095,1000,"STRUCT-BIND"
0,"506",10,14,0.5,12.7215948156203,6.99754533074015,1000,"STRUCT-BIND"
0,"507",50,14,0.5,16.5739413152232,15.0303955347043,1000,"STRUCT-BIND"
0,"508",200,14,0.5,29.6343688383878,61.133699584259,1000,"STRUCT-BIND"
0,"509",2,16,0.5,11.4702162569953,5.79886193409339,1000,"STRUCT-BIND"
0,"510",10,16,0.5,12.2036577526287,6.62215262168842,1000,"STRUCT-BIND"
0,"511",50,16,0.5,15.7194282568026,14.3838447411185,1000,"STRUCT-BIND"
0,"512",200,16,0.5,25.6278043242539,45.999594655806,1000,"STRUCT-BIND"
0,"513",2,18,0.5,10.8334269548969,5.39578731625454,1000,"STRUCT-BIND"
0,"514",10,18,0.5,11.7393100433431,6.25149565419013,1000,"STRUCT-BIND"
0,"515",50,18,0.5,14.6428735001298,12.2793426088746,1000,"STRUCT-BIND"
0,"516",200,18,0.5,23.5021922104486,36.6667639802693,1000,"STRUCT-BIND"
0,"517",2,20,0.5,10.8011060576095,5.32530637273939,1000,"STRUCT-BIND"
0,"518",10,20,0.5,11.4099473180625,5.92515211027804,1000,"STRUCT-BIND"
0,"519",50,20,0.5,13.7460654496816,10.9194048400096,1000,"STRUCT-BIND"
0,"520",200,20,0.5,20.0261637340499,26.63749790909,1000,"STRUCT-BIND"
0,"521",2,6,0.6,18.8852230394824,9.2454196611261,1000,"STRUCT-BIND"
0,"522",10,6,0.6,20.969087075027,12.0361041757962,1000,"STRUCT-BIND"
0,"523",50,6,0.6,32.5911224832883,36.3115962767037,1000,"STRUCT-BIND"
0.071,"524",200,6,0.6,46.8864174175754,72.2812164274249,1000,"STRUCT-BIND"
0,"525",2,7,0.6,17.6651724552771,8.57596462218146,1000,"STRUCT-BIND"
0,"526",10,7,0.6,19.3543218912222,12.6059523702183,1000,"STRUCT-BIND"
0,"527",50,7,0.6,29.3215382549063,33.8947012258386,1000,"STRUCT-BIND"
0.053,"528",200,7,0.6,50.5418602424961,84.6146228452508,1000,"STRUCT-BIND"
0,"529",2,8,0.6,16.3388842099685,8.16551620540324,1000,"STRUCT-BIND"
0,"530",10,8,0.6,18.0932940982616,10.52229834841,1000,"STRUCT-BIND"
0,"531",50,8,0.6,25.5316918101093,29.2681694835501,1000,"STRUCT-BIND"
0.034,"532",200,8,0.6,52.3749029110801,103.896403879619,1000,"STRUCT-BIND"
0,"533",2,9,0.6,15.5453165359658,7.56138936013565,1000,"STRUCT-BIND"
0,"534",10,9,0.6,16.9530674413785,10.2745758993644,1000,"STRUCT-BIND"
0,"535",50,9,0.6,23.3343051544641,25.4465801312107,1000,"STRUCT-BIND"
0.016,"536",200,9,0.6,49.6715658926432,101.781072773144,1000,"STRUCT-BIND"
0,"537",2,10,0.6,14.2374752532242,6.70813242424969,1000,"STRUCT-BIND"
0,"538",10,10,0.6,15.3888547242111,8.19200177768509,1000,"STRUCT-BIND"
0,"539",50,10,0.6,22.7432254355379,24.2724849898108,1000,"STRUCT-BIND"
0.007,"540",200,10,0.6,49.1126911157357,105.87047681527,1000,"STRUCT-BIND"
0,"541",2,12,0.6,13.2628089335057,6.84521411965784,1000,"STRUCT-BIND"
0,"542",10,12,0.6,13.9449207415336,7.47709284056893,1000,"STRUCT-BIND"
0,"543",50,12,0.6,19.1807495326666,17.7919138069533,1000,"STRUCT-BIND"
0,"544",200,12,0.6,36.7790628800259,61.6758579988978,1000,"STRUCT-BIND"
0,"545",2,14,0.6,12.7037772256426,5.86808353072547,1000,"STRUCT-BIND"
0,"546",10,14,0.6,13.26306369213,7.1377547977496,1000,"STRUCT-BIND"
0,"547",50,14,0.6,18.5046083198392,19.2981458648529,1000,"STRUCT-BIND"
0,"548",200,14,0.6,33.6043880834317,64.1093045895997,1000,"STRUCT-BIND"
0,"549",2,16,0.6,11.6391473448375,5.95267570822707,1000,"STRUCT-BIND"
0,"550",10,16,0.6,12.0860673228824,6.22046259462421,1000,"STRUCT-BIND"
0,"551",50,16,0.6,15.1503155775691,12.20734900184,1000,"STRUCT-BIND"
0,"552",200,16,0.6,30.2789008779312,47.0053693497926,1000,"STRUCT-BIND"
0,"553",2,18,0.6,11.4580460977628,5.80054953160706,1000,"STRUCT-BIND"
0,"554",10,18,0.6,11.6279040737164,6.31898309125481,1000,"STRUCT-BIND"
0,"555",50,18,0.6,15.2726725803768,13.8692551198896,1000,"STRUCT-BIND"
0,"556",200,18,0.6,27.5746080859602,43.5542840866631,1000,"STRUCT-BIND"
0,"557",2,20,0.6,10.8682276482073,5.52700224968601,1000,"STRUCT-BIND"
0,"558",10,20,0.6,11.2518166745283,6.17721612198764,1000,"STRUCT-BIND"
0,"559",50,20,0.6,14.6414545279313,12.7618577220843,1000,"STRUCT-BIND"
0,"560",200,20,0.6,26.237577565381,41.7259931863071,1000,"STRUCT-BIND"
0,"561",2,6,0.7,19.5521587074225,9.78658193019492,1000,"STRUCT-BIND"
0,"562",10,6,0.7,22.7887064623491,14.3758345408872,1000,"STRUCT-BIND"
0,"563",50,6,0.7,38.6098631798636,52.2624340659552,1000,"STRUCT-BIND"
0.105,"564",200,6,0.7,53.5389221470499,76.1568603130247,1000,"STRUCT-BIND"
0,"565",2,7,0.7,17.7406888347732,9.17645300697984,1000,"STRUCT-BIND"
0,"566",10,7,0.7,20.1542829963381,13.2877255280454,1000,"STRUCT-BIND"
0,"567",50,7,0.7,31.1059101913014,37.2065782915681,1000,"STRUCT-BIND"
0.065,"568",200,7,0.7,56.7294602334017,94.7840336446398,1000,"STRUCT-BIND"
0,"569",2,8,0.7,16.1709272146095,8.05785872840994,1000,"STRUCT-BIND"
0,"570",10,8,0.7,18.4921314045745,11.5758573029818,1000,"STRUCT-BIND"
0,"571",50,8,0.7,29.9721517235914,31.27390194521,1000,"STRUCT-BIND"
0.036,"572",200,8,0.7,51.1413499015944,83.5768222921233,1000,"STRUCT-BIND"
0,"573",2,9,0.7,14.8747594865805,6.86578043510099,1000,"STRUCT-BIND"
0,"574",10,9,0.7,17.371787552367,10.7146189268316,1000,"STRUCT-BIND"
0,"575",50,9,0.7,27.2709003182247,28.5766522714216,1000,"STRUCT-BIND"
0.03,"576",200,9,0.7,61.7677020861441,114.09384861032,1000,"STRUCT-BIND"
0,"577",2,10,0.7,14.7577411912831,6.69676845244652,1000,"STRUCT-BIND"
0,"578",10,10,0.7,16.2814989412282,9.64343075202623,1000,"STRUCT-BIND"
0,"579",50,10,0.7,26.2336918539886,30.2616101664953,1000,"STRUCT-BIND"
0.017,"580",200,10,0.7,64.5687537782588,129.188786501543,1000,"STRUCT-BIND"
0,"581",2,12,0.7,13.2733329660407,6.52315954787661,1000,"STRUCT-BIND"
0,"582",10,12,0.7,14.5214525005168,8.69814981446123,1000,"STRUCT-BIND"
0,"583",50,12,0.7,22.4861090953839,26.813717917078,1000,"STRUCT-BIND"
0.002,"584",200,12,0.7,55.0969518976498,109.01356885245,1000,"STRUCT-BIND"
0,"585",2,14,0.7,12.189431340219,6.13248692278063,1000,"STRUCT-BIND"
0,"586",10,14,0.7,13.8231176134673,8.10241732023508,1000,"STRUCT-BIND"
0,"587",50,14,0.7,19.5324286024365,19.566811316993,1000,"STRUCT-BIND"
0.001,"588",200,14,0.7,48.5088582184603,88.881309334855,1000,"STRUCT-BIND"
0,"589",2,16,0.7,11.7334984425263,5.84555781593366,1000,"STRUCT-BIND"
0,"590",10,16,0.7,12.9095232638495,7.20551919977473,1000,"STRUCT-BIND"
0,"591",50,16,0.7,17.8100872348522,19.3114954738752,1000,"STRUCT-BIND"
0,"592",200,16,0.7,37.6629974272586,63.2162489863332,1000,"STRUCT-BIND"
0,"593",2,18,0.7,11.5609649887635,6.06158316335833,1000,"STRUCT-BIND"
0,"594",10,18,0.7,12.4236112615464,6.95337409210278,1000,"STRUCT-BIND"
0,"595",50,18,0.7,16.6472752950839,17.058215772198,1000,"STRUCT-BIND"
0,"596",200,18,0.7,35.65157137323,61.6009751285225,1000,"STRUCT-BIND"
0,"597",2,20,0.7,10.9633615878008,5.51850144947518,1000,"STRUCT-BIND"
0,"598",10,20,0.7,12.1922490723786,6.71076508626843,1000,"STRUCT-BIND"
0,"599",50,20,0.7,15.4962368804247,13.4010158494471,1000,"STRUCT-BIND"
0,"600",200,20,0.7,32.8687046784475,50.3076432609461,1000,"STRUCT-BIND"
0,"601",2,6,0.8,20.0975200362628,10.3571514656593,1000,"STRUCT-BIND"
0,"602",10,6,0.8,24.2618718204015,15.8588756478638,1000,"STRUCT-BIND"
0,"603",50,6,0.8,46.7574222919601,61.2065966496851,1000,"STRUCT-BIND"
0.152,"604",200,6,0.8,65.6482602996261,103.779278982294,1000,"STRUCT-BIND"
0,"605",2,7,0.8,17.5845797198774,9.27907713999882,1000,"STRUCT-BIND"
0,"606",10,7,0.8,21.7975790234834,16.137304999955,1000,"STRUCT-BIND"
0,"607",50,7,0.8,43.5474052607391,58.7721970478859,1000,"STRUCT-BIND"
0.12,"608",200,7,0.8,78.4298921945202,144.496657133456,1000,"STRUCT-BIND"
0,"609",2,8,0.8,16.7184144242626,8.51560558528999,1000,"STRUCT-BIND"
0,"610",10,8,0.8,20.1615865373028,13.3911993504959,1000,"STRUCT-BIND"
0,"611",50,8,0.8,38.6159884662216,48.4774412840697,1000,"STRUCT-BIND"
0.081,"612",200,8,0.8,78.0064120218809,137.776627617395,1000,"STRUCT-BIND"
0,"613",2,9,0.8,15.242440444866,7.72939554338728,1000,"STRUCT-BIND"
0,"614",10,9,0.8,18.2875483049053,12.0230843704557,1000,"STRUCT-BIND"
0,"615",50,9,0.8,33.8798416866671,46.3326101130828,1000,"STRUCT-BIND"
0.043,"616",200,9,0.8,74.9856216942845,128.506625088461,1000,"STRUCT-BIND"
0,"617",2,10,0.8,14.7564059684803,7.19112488536677,1000,"STRUCT-BIND"
0,"618",10,10,0.8,17.3408077798773,10.6904988892658,1000,"STRUCT-BIND"
0,"619",50,10,0.8,30.9094693131364,38.4199033159043,1000,"STRUCT-BIND"
0.028,"620",200,10,0.8,81.5166654793405,149.159374316086,1000,"STRUCT-BIND"
0,"621",2,12,0.8,13.4317911380639,6.55968191527174,1000,"STRUCT-BIND"
0,"622",10,12,0.8,15.9338055990811,10.1869621731369,1000,"STRUCT-BIND"
0,"623",50,12,0.8,27.5711996882089,35.154437806836,1000,"STRUCT-BIND"
0.01,"624",200,12,0.8,76.8862986698352,147.130016067218,1000,"STRUCT-BIND"
0,"625",2,14,0.8,12.997541422614,6.22887821285211,1000,"STRUCT-BIND"
0,"626",10,14,0.8,14.235705865319,8.06383737702418,1000,"STRUCT-BIND"
0,"627",50,14,0.8,23.7062891100757,29.1722073882428,1000,"STRUCT-BIND"
0.004,"628",200,14,0.8,68.1710281943597,130.316356478764,1000,"STRUCT-BIND"
0,"629",2,16,0.8,11.7679943871732,5.40311187784212,1000,"STRUCT-BIND"
0,"630",10,16,0.8,14.1657980835815,8.68847675893923,1000,"STRUCT-BIND"
0,"631",50,16,0.8,22.0257376458388,24.7929264117815,1000,"STRUCT-BIND"
0,"632",200,16,0.8,60.1739354732833,112.512829536665,1000,"STRUCT-BIND"
0,"633",2,18,0.8,11.2677080623907,5.39372764440909,1000,"STRUCT-BIND"
0,"634",10,18,0.8,12.6020964316699,6.9680596054534,1000,"STRUCT-BIND"
0,"635",50,18,0.8,20.2657614321378,22.9305928510127,1000,"STRUCT-BIND"
0,"636",200,18,0.8,46.972637533968,84.010715063486,1000,"STRUCT-BIND"
0,"637",2,20,0.8,10.6523881577106,5.23338168794421,1000,"STRUCT-BIND"
0,"638",10,20,0.8,12.4291286559473,6.83398248062696,1000,"STRUCT-BIND"
0,"639",50,20,0.8,17.9012691940174,19.5957312966032,1000,"STRUCT-BIND"
0,"640",200,20,0.8,46.4610781768189,80.2345171969883,1000,"STRUCT-BIND"
0,"641",2,6,0.9,20.9863021200543,10.5367821037648,1000,"STRUCT-BIND"
0,"642",10,6,0.9,28.1192104198561,25.452678258886,1000,"STRUCT-BIND"
0.001,"643",50,6,0.9,75.7768033412009,127.299155166965,1000,"STRUCT-BIND"
0.238,"644",200,6,0.9,74.769718978877,135.703604728121,1000,"STRUCT-BIND"
0,"645",2,7,0.9,18.2873161292209,9.98221769950986,1000,"STRUCT-BIND"
0,"646",10,7,0.9,23.9170661861963,18.4519890083627,1000,"STRUCT-BIND"
0,"647",50,7,0.9,68.3192418449539,124.538395408692,1000,"STRUCT-BIND"
0.18,"648",200,7,0.9,80.0092777540696,137.661235314052,1000,"STRUCT-BIND"
0,"649",2,8,0.9,17.1315907154074,8.73449060489347,1000,"STRUCT-BIND"
0,"650",10,8,0.9,20.7099684815317,13.6001484580972,1000,"STRUCT-BIND"
0,"651",50,8,0.9,51.6359572062074,86.2700494868774,1000,"STRUCT-BIND"
0.134,"652",200,8,0.9,92.584962799005,165.024191437939,1000,"STRUCT-BIND"
0,"653",2,9,0.9,15.6055729290246,7.84785144448975,1000,"STRUCT-BIND"
0,"654",10,9,0.9,21.0210338378919,15.7547420408953,1000,"STRUCT-BIND"
0,"655",50,9,0.9,49.2212773313789,79.6778068357451,1000,"STRUCT-BIND"
0.109,"656",200,9,0.9,98.5739957599433,179.433074732389,1000,"STRUCT-BIND"
0,"657",2,10,0.9,14.9265996759245,7.25473315692112,1000,"STRUCT-BIND"
0,"658",10,10,0.9,19.2570185078463,13.2262589846391,1000,"STRUCT-BIND"
0,"659",50,10,0.9,39.3041180981655,56.6238336562893,1000,"STRUCT-BIND"
0.082,"660",200,10,0.9,92.3503959254134,164.454431805418,1000,"STRUCT-BIND"
0,"661",2,12,0.9,13.8658200839927,6.93094804801072,1000,"STRUCT-BIND"
0,"662",10,12,0.9,16.9578142427507,11.7571447065747,1000,"STRUCT-BIND"
0,"663",50,12,0.9,35.4398413127532,50.7656282070375,1000,"STRUCT-BIND"
0.04,"664",200,12,0.9,108.369048372729,198.111184823146,1000,"STRUCT-BIND"
0,"665",2,14,0.9,12.1765676721351,5.75361105838574,1000,"STRUCT-BIND"
0,"666",10,14,0.9,15.3661199874473,9.19265977718749,1000,"STRUCT-BIND"
0,"667",50,14,0.9,28.9154805891661,40.8187052756141,1000,"STRUCT-BIND"
0.018,"668",200,14,0.9,97.01815970492,179.360455467363,1000,"STRUCT-BIND"
0,"669",2,16,0.9,11.9587271353525,5.66942254786401,1000,"STRUCT-BIND"
0,"670",10,16,0.9,14.5469862276535,9.18536638653405,1000,"STRUCT-BIND"
0,"671",50,16,0.9,28.8275743014919,43.8938483165194,1000,"STRUCT-BIND"
0.01,"672",200,16,0.9,80.8134421971057,152.394770707832,1000,"STRUCT-BIND"
0,"673",2,18,0.9,11.4967354466916,5.65843260801386,1000,"STRUCT-BIND"
0,"674",10,18,0.9,13.4913691844342,9.10945339424259,1000,"STRUCT-BIND"
0,"675",50,18,0.9,24.9584696566288,31.9854117032209,1000,"STRUCT-BIND"
0.005,"676",200,18,0.9,78.3391845876042,146.424844783114,1000,"STRUCT-BIND"
0,"677",2,20,0.9,11.1443117153953,5.76407985442662,1000,"STRUCT-BIND"
0,"678",10,20,0.9,12.9736425804589,8.23349346394368,1000,"STRUCT-BIND"
0,"679",50,20,0.9,24.518304617385,33.1042839546781,1000,"STRUCT-BIND"
0,"680",200,20,0.9,66.9221157858645,128.161020632102,1000,"STRUCT-BIND"
0,"681",2,6,1,20.5879031226146,11.4106964663848,1000,"STRUCT-BIND"
0,"682",10,6,1,32.8325936915487,48.858298054445,1000,"STRUCT-BIND"
0.076,"683",50,6,1,91.2347566813594,178.471168248065,1000,"STRUCT-BIND"
0.311,"684",200,6,1,63.447013864476,134.950965970184,1000,"STRUCT-BIND"
0,"685",2,7,1,18.9301392288896,9.91878992106742,1000,"STRUCT-BIND"
0,"686",10,7,1,29.4334382696639,36.3355549890035,1000,"STRUCT-BIND"
0.047,"687",50,7,1,84.3789529319171,168.288846481261,1000,"STRUCT-BIND"
0.31,"688",200,7,1,67.1289411202185,142.172278934505,1000,"STRUCT-BIND"
0,"689",2,8,1,17.3766016696174,8.92517474387234,1000,"STRUCT-BIND"
0,"690",10,8,1,25.1561168879965,25.2113538683757,1000,"STRUCT-BIND"
0.052,"691",50,8,1,66.3456947708385,126.104851808677,1000,"STRUCT-BIND"
0.251,"692",200,8,1,60.0956421339137,126.82786464068,1000,"STRUCT-BIND"
0,"693",2,9,1,16.5188589367089,8.43903074659253,1000,"STRUCT-BIND"
0,"694",10,9,1,22.4462793840552,21.063273237747,1000,"STRUCT-BIND"
0.039,"695",50,9,1,67.9108618783404,132.027442034346,1000,"STRUCT-BIND"
0.228,"696",200,9,1,71.3285134888751,160.038000035289,1000,"STRUCT-BIND"
0,"697",2,10,1,15.2795423840683,7.47109950692284,1000,"STRUCT-BIND"
0,"698",10,10,1,20.9361273112146,18.6161727202555,1000,"STRUCT-BIND"
0.017,"699",50,10,1,67.6777276916725,146.399764677911,1000,"STRUCT-BIND"
0.211,"700",200,10,1,66.5077207354106,148.274259697716,1000,"STRUCT-BIND"
0,"701",2,12,1,13.9831249928704,7.06249931524652,1000,"STRUCT-BIND"
0,"702",10,12,1,19.2631890397478,18.273297671142,1000,"STRUCT-BIND"
0.012,"703",50,12,1,54.3993237884569,117.632430196741,1000,"STRUCT-BIND"
0.177,"704",200,12,1,86.4036863292421,178.451312195861,1000,"STRUCT-BIND"
0,"705",2,14,1,12.9023287081042,6.30264370164603,1000,"STRUCT-BIND"
0,"706",10,14,1,16.5863043432181,12.0424914437569,1000,"STRUCT-BIND"
0.008,"707",50,14,1,54.3303798111332,115.828197072831,1000,"STRUCT-BIND"
0.149,"708",200,14,1,91.712384598221,196.617722677047,1000,"STRUCT-BIND"
0,"709",2,16,1,12.3054706676464,6.25613783242706,1000,"STRUCT-BIND"
0,"710",10,16,1,15.7769623418068,12.4655157973278,1000,"STRUCT-BIND"
0.003,"711",50,16,1,39.9121807684914,80.4040817073776,1000,"STRUCT-BIND"
0.134,"712",200,16,1,84.9408290156318,169.06687103691,1000,"STRUCT-BIND"
0,"713",2,18,1,11.5223174097108,5.75507797496277,1000,"STRUCT-BIND"
0,"714",10,18,1,14.7277309214131,12.4074269271873,1000,"STRUCT-BIND"
0.002,"715",50,18,1,36.3427202176556,78.7807242748116,1000,"STRUCT-BIND"
0.1,"716",200,18,1,84.5484070000978,169.37344412264,1000,"STRUCT-BIND"
0,"717",2,20,1,11.2362884940224,5.65664728391975,1000,"STRUCT-BIND"
0,"718",10,20,1,13.8893314381087,10.0418315513821,1000,"STRUCT-BIND"
0,"719",50,20,1,36.6308732155905,82.7312394995863,1000,"STRUCT-BIND"
0.096,"720",200,20,1,80.206684673404,174.416959318801,1000,"STRUCT-BIND"
