"survive","param.index","kappa","MIC.fraction","drug.outsideConcentration.MULT","extinction.time","extinction.time.sd","num.reps"
1,"1",1,0.08321406,0,NA,NA,1000
1,"2",2,0.08058672,0,NA,NA,1000
1,"3",3,0.079134,0,NA,NA,1000
1,"4",4,0.07814015,0,NA,NA,1000
1,"5",5,0.0775176,0,NA,NA,1000
0.982,"6",1,0.08321406,0.1,13.8522873969042,5.81715983171658,1000
1,"7",2,0.08058672,0.1,NA,NA,1000
1,"8",3,0.079134,0.1,NA,NA,1000
1,"9",4,0.07814015,0.1,NA,NA,1000
1,"10",5,0.0775176,0.1,NA,NA,1000
0.964,"11",1,0.08321406,0.2,26.5927802944129,24.7558992486646,1000
0.996,"12",2,0.08058672,0.2,15.0504012413653,5.72237315706788,1000
0.999,"13",3,0.079134,0.2,18.045053687997,NA,1000
1,"14",4,0.07814015,0.2,NA,NA,1000
1,"15",5,0.0775176,0.2,NA,NA,1000
0.92,"16",1,0.08321406,0.3,25.2022350130556,18.1392496948303,1000
0.987,"17",2,0.08058672,0.3,21.8079709315692,16.3023941082224,1000
0.998,"18",3,0.079134,0.3,16.9861452791588,1.06452069330094,1000
0.999,"19",4,0.07814015,0.3,14.8402876100313,NA,1000
1,"20",5,0.0775176,0.3,NA,NA,1000
0.896,"21",1,0.08321406,0.4,34.1338507458315,26.8313141728014,1000
0.99,"22",2,0.08058672,0.4,24.7945579159229,17.4741146247337,1000
0.996,"23",3,0.079134,0.4,18.0062589664936,3.96211495499533,1000
0.999,"24",4,0.07814015,0.4,36.3686136628242,NA,1000
0.999,"25",5,0.0775176,0.4,14.6879529588558,NA,1000
0.825,"26",1,0.08321406,0.5,45.6889626327589,50.5986697385105,1000
0.964,"27",2,0.08058672,0.5,27.0651630661904,18.5786532311359,1000
0.993,"28",3,0.079134,0.5,27.7296685011958,12.3730339316851,1000
0.996,"29",4,0.07814015,0.5,23.5587593896611,10.4019346955781,1000
0.999,"30",5,0.0775176,0.5,18.3660172212994,NA,1000
0.743,"31",1,0.08321406,0.6,59.1271176139233,63.0930358551282,1000
0.919,"32",2,0.08058672,0.6,41.1207535828829,41.0992586044921,1000
0.981,"33",3,0.079134,0.6,39.2694684596268,19.2064398764141,1000
0.992,"34",4,0.07814015,0.6,27.8044978055722,17.5196801958922,1000
1,"35",5,0.0775176,0.6,NA,NA,1000
0.641,"36",1,0.08321406,0.7,71.8606067162769,71.8698676969179,1000
0.897,"37",2,0.08058672,0.7,65.3512555948182,55.8079520264906,1000
0.961,"38",3,0.079134,0.7,47.3045372116468,26.3713259664302,1000
0.986,"39",4,0.07814015,0.7,60.4364417416063,47.2582945812839,1000
0.994,"40",5,0.0775176,0.7,76.7712273426485,36.2912254749625,1000
0.499,"41",1,0.08321406,0.8,108.668353779469,116.419312641795,1000
0.786,"42",2,0.08058672,0.8,94.2023000831899,87.31947113105,1000
0.875,"43",3,0.079134,0.8,91.4495535295192,77.5144259977799,1000
0.934,"44",4,0.07814015,0.8,90.4196037750642,50.556879444807,1000
0.968,"45",5,0.0775176,0.8,94.9773328899863,46.1832829860667,1000
0.318,"46",1,0.08321406,0.9,151.118610373433,187.286317159814,1000
0.517,"47",2,0.08058672,0.9,161.868055012466,160.23640589652,1000
0.643,"48",3,0.079134,0.9,176.338056197396,160.751942970703,1000
0.741,"49",4,0.07814015,0.9,175.012574147099,147.157944737624,1000
0.773,"50",5,0.0775176,0.9,180.54224460418,141.937449478958,1000
0.089,"51",1,0.08321406,1,205.475585737086,248.327778508211,1000
0.094,"52",2,0.08058672,1,259.916744138446,263.877876998087,1000
0.08,"53",3,0.079134,1,284.830147029577,251.780473715139,1000
0.082,"54",4,0.07814015,1,285.270117095254,248.533349259686,1000
0.081,"55",5,0.0775176,1,292.553987862977,247.361196272263,1000
0.015,"56",1,0.08321406,1.1,177.425514328666,208.45330708504,1000
0,"57",2,0.08058672,1.1,164.922555207792,146.713280985518,1000
0,"58",3,0.079134,1.1,159.394270703008,119.684140592958,1000
0,"59",4,0.07814015,1.1,151.929499063873,110.293413855252,1000
0,"60",5,0.0775176,1.1,145.878859646219,95.3007525798654,1000
0,"61",1,0.08321406,1.2,141.711698405578,154.374485032316,1000
0,"62",2,0.08058672,1.2,120.937516550099,93.8407122899358,1000
0,"63",3,0.079134,1.2,111.567955523993,74.8632200262219,1000
0,"64",4,0.07814015,1.2,103.98241164513,62.5942418227009,1000
0,"65",5,0.0775176,1.2,100.007998354454,56.0700079112049,1000
0,"66",1,0.08321406,1.3,104.298187551461,103.419740595814,1000
0,"67",2,0.08058672,1.3,93.5326657045119,66.3024983527394,1000
0,"68",3,0.079134,1.3,89.0733637657865,51.6096687309199,1000
0,"69",4,0.07814015,1.3,82.89789006559,41.067790189559,1000
0,"70",5,0.0775176,1.3,79.5240767231413,36.8122171133271,1000
0,"71",1,0.08321406,1.4,95.1787383371553,85.9826256176462,1000
0,"72",2,0.08058672,1.4,83.1007309272803,55.1374059021169,1000
0,"73",3,0.079134,1.4,73.6341279888377,40.9886716001356,1000
0,"74",4,0.07814015,1.4,70.19855016497,32.494919344286,1000
0,"75",5,0.0775176,1.4,66.9899680991906,29.5337325598938,1000
0,"76",1,0.08321406,1.5,81.9982132273861,70.948876377746,1000
0,"77",2,0.08058672,1.5,72.4118931425315,45.9725004239127,1000
0,"78",3,0.079134,1.5,63.9741125597177,34.5951250572153,1000
0,"79",4,0.07814015,1.5,61.0178524978833,27.4865745511586,1000
0,"80",5,0.0775176,1.5,59.1396827219414,24.7625178289844,1000
0,"81",1,0.08321406,1.6,75.9444896749614,68.1135735759589,1000
0,"82",2,0.08058672,1.6,66.0115890593328,41.312280867322,1000
0,"83",3,0.079134,1.6,58.5746918196245,28.6010377867833,1000
0,"84",4,0.07814015,1.6,54.9483010757072,22.7039025285655,1000
0,"85",5,0.0775176,1.6,51.6530843678926,20.0905620859528,1000
0,"86",1,0.08321406,1.7,67.5206238498373,55.8055521501337,1000
0,"87",2,0.08058672,1.7,56.840618844541,33.7648386045907,1000
0,"88",3,0.079134,1.7,51.5791516094369,25.1915562007553,1000
0,"89",4,0.07814015,1.7,49.1412114860678,21.1046299579483,1000
0,"90",5,0.0775176,1.7,46.6705880722154,19.138507484266,1000
0,"91",1,0.08321406,1.8,62.0222090014188,51.7208296867433,1000
0,"92",2,0.08058672,1.8,54.6175492218353,32.555454935419,1000
0,"93",3,0.079134,1.8,50.5714429932383,24.3414097225704,1000
0,"94",4,0.07814015,1.8,45.3259382442547,18.3123945824858,1000
0,"95",5,0.0775176,1.8,43.0008596764769,16.6336424568089,1000
0,"96",1,0.08321406,1.9,59.4520341409696,44.9205673693939,1000
0,"97",2,0.08058672,1.9,52.0841020066992,30.7563705007947,1000
0,"98",3,0.079134,1.9,45.3716704213111,20.9138538440653,1000
0,"99",4,0.07814015,1.9,42.4010779276281,17.3138202588321,1000
0,"100",5,0.0775176,1.9,40.4626245082354,14.6565439322125,1000
0,"101",1,0.08321406,2,55.659564355495,41.7283719030179,1000
0,"102",2,0.08058672,2,46.4298440127764,25.8692629303397,1000
0,"103",3,0.079134,2,43.2765852629715,20.1588907307998,1000
0,"104",4,0.07814015,2,39.6911631523714,16.4609597869786,1000
0,"105",5,0.0775176,2,38.5698658839307,14.0969585819786,1000
