"survive","param.index","drug.outsideConcentration.MULT","MIC.fraction","kappa","extinction.time","extinction.time.sd","num.reps"
0.004,"1",1,0.07,1,140.030954324435,166.473309041529,1000
0.002,"2",1,0.0705,1,146.241249389737,161.792791594568,1000
0,"3",1,0.071,1,143.493494577381,165.843632758631,1000
0.002,"4",1,0.0715,1,156.394334233707,176.284478396014,1000
0.002,"5",1,0.072,1,148.643211760247,157.817928412043,1000
0.004,"6",1,0.0725,1,156.538799952542,177.602534527358,1000
0.004,"7",1,0.073,1,158.581597433149,182.423381370003,1000
0.007,"8",1,0.0735,1,158.588491791452,175.852762375696,1000
0.005,"9",1,0.074,1,154.776966856284,178.267900690115,1000
0.006,"10",1,0.0745,1,161.586246105781,185.747360918045,1000
0.006,"11",1,0.075,1,173.04217017111,201.883643794762,1000
0.008,"12",1,0.0755,1,175.837634960204,206.79178741006,1000
0.013,"13",1,0.076,1,174.67908343947,205.923201010397,1000
0.02,"14",1,0.0765,1,166.910852037187,188.477416186654,1000
0.016,"15",1,0.077,1,170.858702355589,207.164167273043,1000
0.022,"16",1,0.0775,1,194.937575826469,223.454577143451,1000
0.025,"17",1,0.078,1,183.924545086328,216.784982248442,1000
0.033,"18",1,0.0785,1,187.439130737025,221.027684632457,1000
0.035,"19",1,0.079,1,201.990279596284,226.509985522559,1000
0.044,"20",1,0.0795,1,197.228774279036,230.898514804087,1000
0.044,"21",1,0.08,1,190.932661801701,220.251218387366,1000
0.044,"22",1,0.0805,1,192.364861499289,228.587192827064,1000
0.059,"23",1,0.081,1,199.646879256646,225.779813640138,1000
0.06,"24",1,0.0815,1,199.563201694806,231.318871410712,1000
0.075,"25",1,0.082,1,190.441900296507,224.888982717628,1000
0.086,"26",1,0.0825,1,200.749751562636,233.74825194791,1000
0.086,"27",1,0.083,1,201.854995127861,237.885480664545,1000
0.105,"28",1,0.0835,1,182.938709091871,223.377525358565,1000
0.127,"29",1,0.084,1,200.330776988014,234.26430457214,1000
0.145,"30",1,0.0845,1,193.054579520637,236.033441635497,1000
0.131,"31",1,0.085,1,184.924551528869,229.901343011732,1000
0.242,"32",1,0.09,1,169.120705797413,201.509124290836,1000
0.353,"33",1,0.095,1,145.600910742339,172.993953419995,1000
0.447,"34",1,0.1,1,116.956931439644,131.489770620267,1000
0.546,"35",1,0.105,1,112.855377245865,122.597586431496,1000
0.56,"36",1,0.11,1,87.7807821189633,90.8437541834718,1000
0.64,"37",1,0.115,1,82.4522396566054,88.3351230402278,1000
0.674,"38",1,0.12,1,74.8682224636273,82.6002382112065,1000
0,"39",1,0.07,2,140.509610086088,120.157953595021,1000
0,"40",1,0.0705,2,143.15958209824,125.895643674524,1000
0,"41",1,0.071,2,151.978391434164,133.341252792213,1000
0,"42",1,0.0715,2,161.535454425706,150.919678267803,1000
0,"43",1,0.072,2,163.397211948144,149.47237604306,1000
0.001,"44",1,0.0725,2,160.697465015368,146.456643103266,1000
0.001,"45",1,0.073,2,174.677447980689,149.404273058071,1000
0.003,"46",1,0.0735,2,173.368848540987,155.502389562236,1000
0.002,"47",1,0.074,2,181.596110719921,176.829411035096,1000
0.003,"48",1,0.0745,2,186.623905840741,182.861044372257,1000
0.003,"49",1,0.075,2,188.135175657915,175.556324563221,1000
0.003,"50",1,0.0755,2,208.289185758658,200.519814868469,1000
0.01,"51",1,0.076,2,204.578905355407,211.011800936855,1000
0.016,"52",1,0.0765,2,211.41881103056,222.514915561955,1000
0.012,"53",1,0.077,2,209.752093420997,207.875058194264,1000
0.025,"54",1,0.0775,2,223.391524906391,227.549374818673,1000
0.022,"55",1,0.078,2,241.834875859388,243.922807417882,1000
0.037,"56",1,0.0785,2,240.326337232852,235.981515445836,1000
0.045,"57",1,0.079,2,233.806351547492,232.017098412972,1000
0.06,"58",1,0.0795,2,246.380105328789,250.848480633612,1000
0.068,"59",1,0.08,2,229.984454296552,232.708228397851,1000
0.095,"60",1,0.0805,2,243.262343699795,247.218501898709,1000
0.12,"61",1,0.081,2,255.047034228403,249.813647084777,1000
0.128,"62",1,0.0815,2,243.090755317724,239.780661743477,1000
0.135,"63",1,0.082,2,247.690938736471,257.274064774476,1000
0.176,"64",1,0.0825,2,255.434585640555,263.399123947716,1000
0.207,"65",1,0.083,2,232.746244835689,229.726551058441,1000
0.22,"66",1,0.0835,2,229.487626971066,227.735090466595,1000
0.244,"67",1,0.084,2,228.950424879923,227.986693656014,1000
0.275,"68",1,0.0845,2,233.938374750239,227.219328973763,1000
0.296,"69",1,0.085,2,222.852130239807,231.366374694886,1000
0.517,"70",1,0.09,2,156.481043443333,148.662236671948,1000
0.659,"71",1,0.095,2,136.349900311518,134.376749386331,1000
0.755,"72",1,0.1,2,121.362565431164,110.596506920609,1000
0.819,"73",1,0.105,2,87.3305577353918,82.6496689046566,1000
0.863,"74",1,0.11,2,75.0703221707613,73.2365524721768,1000
0.89,"75",1,0.115,2,63.6768336683219,56.3931319440802,1000
0.903,"76",1,0.12,2,56.937122880814,52.6208645264802,1000
0,"77",1,0.07,3,138.28275456055,99.4636979702054,1000
0,"78",1,0.0705,3,148.454598827388,116.55308234481,1000
0,"79",1,0.071,3,150.809656694281,109.303505007395,1000
0,"80",1,0.0715,3,153.028972809545,119.03888546887,1000
0.001,"81",1,0.072,3,164.431332129203,129.089507860559,1000
0,"82",1,0.0725,3,164.693200505504,142.09054534657,1000
0.001,"83",1,0.073,3,167.46324455491,133.879449452129,1000
0.001,"84",1,0.0735,3,178.964938310558,153.862809246545,1000
0.001,"85",1,0.074,3,190.393251776165,156.971416403082,1000
0.001,"86",1,0.0745,3,202.150241985859,175.021398264549,1000
0.001,"87",1,0.075,3,200.211368141249,174.974280070991,1000
0.005,"88",1,0.0755,3,222.45988682185,193.611356265306,1000
0.014,"89",1,0.076,3,227.669549839531,200.067217692904,1000
0.014,"90",1,0.0765,3,236.419502089813,216.614794832317,1000
0.018,"91",1,0.077,3,248.522120025831,225.783389481302,1000
0.031,"92",1,0.0775,3,249.817513127689,224.447170149286,1000
0.047,"93",1,0.078,3,260.415205906986,235.060911043171,1000
0.055,"94",1,0.0785,3,265.938799868489,246.334650281214,1000
0.082,"95",1,0.079,3,282.908072045605,261.582202597579,1000
0.097,"96",1,0.0795,3,271.709892305625,260.979315494339,1000
0.128,"97",1,0.08,3,273.052299232673,251.425235617835,1000
0.17,"98",1,0.0805,3,288.942862663119,277.419900936529,1000
0.187,"99",1,0.081,3,266.948277045425,246.322086746455,1000
0.234,"100",1,0.0815,3,261.685146657324,240.567834180503,1000
0.26,"101",1,0.082,3,262.618575917922,245.927245147239,1000
0.3,"102",1,0.0825,3,269.746056963651,242.663805493752,1000
0.324,"103",1,0.083,3,278.419850401465,255.244245207969,1000
0.39,"104",1,0.0835,3,239.586282082443,225.4040988277,1000
0.425,"105",1,0.084,3,241.416150497158,214.622023433956,1000
0.419,"106",1,0.0845,3,236.085895294911,212.92314303043,1000
0.486,"107",1,0.085,3,209.22050817808,185.849150284219,1000
0.733,"108",1,0.09,3,142.297545924467,123.483492046815,1000
0.836,"109",1,0.095,3,110.011578270778,80.843651241677,1000
0.897,"110",1,0.1,3,90.1441406268376,65.0424671823409,1000
0.936,"111",1,0.105,3,70.3361778652028,50.070415366528,1000
0.96,"112",1,0.11,3,58.9982838352015,38.3119038523446,1000
0.971,"113",1,0.115,3,56.8608444894534,37.9359579573403,1000
0.978,"114",1,0.12,3,52.8983606350221,38.9512754715661,1000
0,"115",1,0.07,4,140.930753923318,97.0097437112549,1000
0,"116",1,0.0705,4,148.503561763944,100.172796559102,1000
0,"117",1,0.071,4,146.366317827646,105.481671848371,1000
0,"118",1,0.0715,4,160.122527418637,117.210400035795,1000
0,"119",1,0.072,4,165.805737581299,123.538993128105,1000
0.001,"120",1,0.0725,4,170.4183448431,132.157601495606,1000
0,"121",1,0.073,4,187.848977135035,153.893774427499,1000
0,"122",1,0.0735,4,187.419274489539,146.348388386028,1000
0.001,"123",1,0.074,4,191.448243154261,160.43867722604,1000
0,"124",1,0.0745,4,210.911660895272,178.918081962346,1000
0.005,"125",1,0.075,4,218.574847830538,181.627721756163,1000
0.006,"126",1,0.0755,4,228.003758301788,194.765667568569,1000
0.013,"127",1,0.076,4,248.04078942819,207.79583986272,1000
0.021,"128",1,0.0765,4,264.764756839622,230.688939243422,1000
0.036,"129",1,0.077,4,252.047175522854,217.990364223648,1000
0.059,"130",1,0.0775,4,283.5394550786,242.722844864368,1000
0.083,"131",1,0.078,4,267.647318564092,238.851686516079,1000
0.09,"132",1,0.0785,4,293.766972102646,266.112017217893,1000
0.12,"133",1,0.079,4,297.789761420736,264.559206377297,1000
0.174,"134",1,0.0795,4,283.960378248228,243.909836920819,1000
0.197,"135",1,0.08,4,287.385465068375,254.549968621959,1000
0.25,"136",1,0.0805,4,290.638005525408,261.474553326183,1000
0.284,"137",1,0.081,4,273.850917062398,234.075293341624,1000
0.32,"138",1,0.0815,4,259.275214889814,225.980359984052,1000
0.385,"139",1,0.082,4,269.534051866617,233.228496375335,1000
0.448,"140",1,0.0825,4,254.143384609893,215.725744298793,1000
0.494,"141",1,0.083,4,258.139542650065,218.630408639522,1000
0.507,"142",1,0.0835,4,232.836801623991,194.528853156266,1000
0.519,"143",1,0.084,4,230.523625553357,205.324752630795,1000
0.606,"144",1,0.0845,4,207.420752957648,172.261708947166,1000
0.626,"145",1,0.085,4,201.723223294428,166.24179542212,1000
0.862,"146",1,0.09,4,137.291510957894,99.7071143184679,1000
0.934,"147",1,0.095,4,106.651653194304,68.7024211805375,1000
0.958,"148",1,0.1,4,74.0069254831052,54.4931752403807,1000
0.977,"149",1,0.105,4,57.9971174302291,33.6122328991942,1000
0.976,"150",1,0.11,4,48.1283996798984,32.6414805828779,1000
0.985,"151",1,0.115,4,58.1170768834719,38.0584897387355,1000
0.995,"152",1,0.12,4,32.6037525626183,22.6059044468155,1000
0,"153",1,0.07,5,140.400669757999,92.0737342543061,1000
0,"154",1,0.0705,5,144.336691785123,98.7168421914017,1000
0,"155",1,0.071,5,158.90392165559,110.191633687764,1000
0,"156",1,0.0715,5,158.523348603777,112.853759762828,1000
0,"157",1,0.072,5,165.830915639998,118.887880594979,1000
0,"158",1,0.0725,5,172.726223903295,129.748008908729,1000
0.001,"159",1,0.073,5,181.972802406768,141.373225872429,1000
0.002,"160",1,0.0735,5,193.010808412114,153.529291019486,1000
0.001,"161",1,0.074,5,207.947895685435,169.676367460106,1000
0.006,"162",1,0.0745,5,215.871361926431,176.448958075706,1000
0.002,"163",1,0.075,5,239.866817977952,199.705108881578,1000
0.014,"164",1,0.0755,5,239.702719379221,208.520406046599,1000
0.021,"165",1,0.076,5,251.989719204695,222.281662964883,1000
0.034,"166",1,0.0765,5,270.110116268557,226.223381922754,1000
0.052,"167",1,0.077,5,270.785242492675,239.125029424952,1000
0.066,"168",1,0.0775,5,289.690782319217,253.753283756446,1000
0.089,"169",1,0.078,5,290.330003377229,253.858273299989,1000
0.128,"170",1,0.0785,5,294.968633111517,249.47869613999,1000
0.164,"171",1,0.079,5,304.514000204355,260.757865713641,1000
0.244,"172",1,0.0795,5,288.975957218865,241.016923737921,1000
0.287,"173",1,0.08,5,280.605767806868,242.654501685656,1000
0.342,"174",1,0.0805,5,270.97914662107,236.018299215979,1000
0.366,"175",1,0.081,5,268.526643149764,230.01330846056,1000
0.444,"176",1,0.0815,5,262.874577698269,218.418057277461,1000
0.508,"177",1,0.082,5,242.271545536368,203.888794279945,1000
0.523,"178",1,0.0825,5,245.187177396377,189.768401763365,1000
0.584,"179",1,0.083,5,235.021629586832,184.339338330974,1000
0.634,"180",1,0.0835,5,205.474650261894,167.117741077958,1000
0.687,"181",1,0.084,5,209.64584839325,158.408201998584,1000
0.668,"182",1,0.0845,5,187.190924913772,137.305739776913,1000
0.692,"183",1,0.085,5,196.679380159814,153.998979338113,1000
0.904,"184",1,0.09,5,124.383047187673,75.1338128291761,1000
0.956,"185",1,0.095,5,83.7774928289968,52.9238070009549,1000
0.978,"186",1,0.1,5,68.0634466440911,38.7306888099043,1000
0.987,"187",1,0.105,5,55.2454198636582,32.9958774392551,1000
0.994,"188",1,0.11,5,62.3726617742206,26.7548734611981,1000
0.996,"189",1,0.115,5,69.984622994251,31.2034405894665,1000
0.997,"190",1,0.12,5,49.3849539039565,32.3222472899236,1000
