"sim.label","seed","param.index"
1,640895633,1
2,1935693476,1
3,1216339646,1
21,1350482947,1
22,252544191,1
23,142126527,1
41,590193975,1
42,855839261,1
43,23760860,1
61,394273972,1
62,834815333,1
63,890165675,1
81,61791776,1
82,1701163053,1
83,947473495,1
1,323393878,2
21,1462098461,2
41,1806199030,2
61,613681265,2
81,1996485915,2
1,2009514469,3
21,1672227543,3
41,1928675785,3
61,72062088,3
81,1179482561,3
1,1841827878,4
21,1015015060,4
41,1479822745,4
61,1968011871,4
81,323298269,4
1,1694361339,5
21,1170266636,5
41,1774542461,5
61,1713288579,5
81,2067898492,5
1,1211619161,6
2,1852962440,6
3,153584289,6
4,1190022771,6
21,1336826455,6
22,1549627147,6
23,1499776536,6
24,2049929851,6
41,1906068349,6
42,270279189,6
43,640356679,6
44,869587046,6
61,870093798,6
62,1152693446,6
63,1259422321,6
64,2044372493,6
81,338562233,6
82,327772394,6
83,1335091313,6
84,1099966655,6
1,1944549533,7
21,1722995824,7
41,163942789,7
61,1642727070,7
62,349283184,7
81,665291086,7
82,1466472798,7
1,793485847,8
21,318438571,8
41,2024854824,8
61,2119866634,8
81,1246912976,8
1,2146193367,9
21,264821054,9
41,900504343,9
61,599930565,9
81,1609154574,9
1,1139773663,10
21,629410325,10
41,217885339,10
61,82992025,10
81,584650282,10
1,2048825355,11
2,1732654365,11
3,1029959050,11
4,1518680481,11
5,599256048,11
6,379124401,11
7,234320044,11
21,785668929,11
22,1694249547,11
23,1103692859,11
24,29269256,11
25,561072230,11
26,879809843,11
27,2038060688,11
41,182400804,11
42,1166661430,11
43,562385480,11
44,1966318660,11
45,1636909054,11
46,41371795,11
47,54333409,11
61,884948100,11
62,437930731,11
63,1128308129,11
64,800914447,11
65,1072970271,11
66,619860106,11
67,1073804406,11
81,1444493362,11
82,1692140291,11
83,411005207,11
84,488266095,11
85,1263542958,11
86,104119652,11
87,1257035701,11
88,907055406,11
1,1166469557,12
2,1950172059,12
21,2032258652,12
22,1719572811,12
41,997192336,12
42,122161606,12
61,207114874,12
62,1452709385,12
81,977919449,12
82,1702952995,12
1,255346805,13
21,1565524462,13
41,1647275481,13
61,1072023525,13
81,1844056654,13
1,1563250855,14
21,2034810422,14
41,2102070582,14
61,1833057732,14
81,831455312,14
1,920296803,15
21,343079937,15
41,59731696,15
61,146446523,15
81,1929774901,15
1,951421553,16
2,580872348,16
3,540253166,16
4,268526672,16
5,1568193196,16
6,742256490,16
7,489962059,16
8,1902392699,16
9,1788534490,16
10,1539691779,16
11,458390307,16
12,561935234,16
13,409090444,16
14,2216156,16
15,1159883139,16
16,1215472479,16
17,1163847766,16
18,34538826,16
21,323298741,16
22,1309791808,16
23,540407732,16
24,32738597,16
25,216387187,16
26,492899783,16
27,1865868883,16
28,871182849,16
29,540591915,16
30,1488324007,16
31,1897519880,16
32,1102087785,16
33,1664849874,16
34,398086595,16
35,290076258,16
36,1312103990,16
37,1903741943,16
38,1745000610,16
41,1095117069,16
42,1119262609,16
43,923162913,16
44,425332487,16
45,1411633658,16
46,615808076,16
47,1812291847,16
48,891490155,16
49,495596062,16
50,307610728,16
51,1973193617,16
52,1974775728,16
53,693928132,16
54,279717887,16
55,677355485,16
56,877677400,16
57,1040723332,16
58,1344583363,16
61,1188364361,16
62,1823515120,16
63,1448132117,16
64,1643338700,16
65,1989142513,16
66,31869567,16
67,1576399707,16
68,1029794202,16
69,582013297,16
70,1886698895,16
71,80488613,16
72,170536119,16
73,304837758,16
74,360664748,16
75,205256934,16
76,1392698723,16
77,223418742,16
78,1719678986,16
81,1888792873,16
82,1612674891,16
83,1175754452,16
84,1886058394,16
85,1524798522,16
86,880641418,16
87,1570538289,16
88,2117307966,16
89,1518065714,16
90,862326235,16
91,741046637,16
92,1982643686,16
93,1437755880,16
94,549511444,16
95,426656609,16
96,1981105014,16
97,1404479004,16
98,328672992,16
1,605711339,17
2,531155654,17
3,1258834035,17
4,1266325886,17
5,1041134370,17
21,185314079,17
22,386428798,17
23,398533265,17
24,1820393968,17
25,816025691,17
41,1034749943,17
42,471239674,17
43,1075018277,17
44,845592202,17
61,1085444880,17
62,288094935,17
63,1807763249,17
64,869885830,17
81,1963549654,17
82,1642529581,17
83,1848685733,17
84,1889600544,17
1,1545632802,18
2,1896675552,18
21,243544820,18
22,2018539583,18
41,1827055203,18
42,795494281,18
61,188719717,18
62,1438687571,18
81,1947165361,18
82,804194800,18
1,188382372,19
2,1090229853,19
21,1568222820,19
22,2112377929,19
41,32046126,19
42,1539514084,19
61,66624493,19
62,1627949481,19
81,1934786462,19
82,1031931427,19
1,792444060,20
21,778932794,20
41,1208948273,20
61,1807014103,20
81,2111569997,20
1,582234169,21
2,1764309790,21
3,980540341,21
4,606401281,21
5,1754132153,21
6,144401704,21
7,134470191,21
8,602145523,21
9,730585846,21
10,400723426,21
11,1588054167,21
12,1830593106,21
13,1864364619,21
14,747119710,21
15,1383085951,21
16,501263508,21
17,295639038,21
18,304831577,21
19,187419766,21
20,564001312,21
21,1707119108,21
22,2117805434,21
23,985284456,21
24,93900942,21
25,1487651984,21
26,1738584390,21
27,1182949102,21
28,1415126908,21
29,1663826110,21
30,1188452111,21
31,861401036,21
32,1141453495,21
33,1473662937,21
34,1472141811,21
35,1604664874,21
36,285927945,21
37,320123709,21
38,1015232147,21
39,316343146,21
40,1017598415,21
41,482132571,21
42,1330575143,21
43,1468277288,21
44,1539186951,21
45,1713617202,21
46,236862761,21
47,1366775059,21
48,360973579,21
49,2063148234,21
50,2117887797,21
51,1797231577,21
52,1805495122,21
53,1519289999,21
54,482968878,21
55,199233851,21
56,1815262023,21
57,1611628026,21
58,1161248511,21
59,2110511789,21
60,1319518030,21
61,377221963,21
62,263131008,21
63,282112349,21
64,1878093236,21
65,382412521,21
66,1888657002,21
67,758504355,21
68,1138826674,21
69,772826193,21
70,1896770585,21
71,1672500114,21
72,974009302,21
73,798911659,21
74,1241164994,21
75,1349653439,21
76,453561578,21
77,1410030171,21
78,1775639527,21
79,1551546081,21
80,961566931,21
81,1280332768,21
82,880686700,21
83,734547643,21
84,1344682337,21
85,1534756580,21
86,2088572721,21
87,2113832881,21
88,16320468,21
89,757228220,21
90,522590195,21
91,549651119,21
92,431843931,21
93,1894136725,21
94,265952107,21
95,953762677,21
96,2078426675,21
97,1395818165,21
98,861140711,21
99,1091020574,21
100,1848049390,21
1,292291791,22
2,1131211151,22
3,1369598273,22
4,1341604341,22
5,38566921,22
6,1237949820,22
7,1858575263,22
8,1857792420,22
9,1079044096,22
10,1537951472,22
11,1458475653,22
12,828091715,22
13,474187420,22
14,1968822826,22
15,1193302571,22
16,1571042434,22
17,1984771594,22
18,1039450031,22
19,1752300707,22
20,1909712435,22
21,1709716518,22
22,1808212429,22
23,1815444460,22
24,2016344923,22
25,630798740,22
26,1348271473,22
27,1152053036,22
28,734708945,22
29,1034698264,22
30,922720589,22
31,1006617610,22
32,1656915565,22
33,1412162462,22
34,957942162,22
35,79468772,22
36,1365784089,22
37,2033195085,22
38,370058058,22
41,517931420,22
42,1626399440,22
43,1614295551,22
44,330337,22
45,1337820557,22
46,4069433,22
47,1398554913,22
48,1895203823,22
49,1685513617,22
50,1553547652,22
51,1793799868,22
52,2022337135,22
53,304344428,22
54,12906357,22
55,892101648,22
56,1184708084,22
57,851820449,22
61,1172525516,22
62,712197545,22
63,504491405,22
64,174105008,22
65,1523299784,22
66,1537301254,22
67,1881960965,22
68,1666125689,22
69,104539578,22
70,1066018584,22
71,948798077,22
72,301072266,22
73,1677261586,22
74,1954926973,22
75,426197723,22
76,314073894,22
77,1992599304,22
78,463446678,22
81,2130187426,22
82,1671596692,22
83,1931929704,22
84,973734675,22
85,93570263,22
86,187296365,22
87,1212634455,22
88,1222033879,22
89,1470671446,22
90,446571157,22
91,1449810732,22
92,930722116,22
93,1635070857,22
94,1019862054,22
95,1670271080,22
96,700666355,22
97,2078005815,22
98,705648650,22
1,1251897843,23
2,1137699815,23
3,1081563892,23
4,704550840,23
5,1305553838,23
6,1721029483,23
7,1106804752,23
8,759265434,23
9,846591946,23
21,177773146,23
22,2128579179,23
23,634127346,23
24,304880699,23
25,1787306480,23
26,1240177020,23
27,962370929,23
28,352513667,23
29,1531949583,23
41,1373861900,23
42,886876867,23
43,1027973528,23
44,1867879229,23
45,1264414061,23
46,1738858567,23
47,1726708212,23
48,1221950303,23
49,1077231993,23
61,862418630,23
62,406591347,23
63,862331257,23
64,2136693062,23
65,2140674900,23
66,1823793291,23
67,924771202,23
68,1439131539,23
69,1736471388,23
81,2052353497,23
82,2025324578,23
83,307799815,23
84,1378655179,23
85,1078626384,23
86,334144172,23
87,1174367337,23
88,375010789,23
89,325674167,23
1,925315502,24
2,1192036103,24
3,41309221,24
4,684281962,24
5,666824102,24
6,1184032314,24
21,1085021801,24
22,47333039,24
23,243812360,24
24,326969652,24
25,1365418484,24
26,797003418,24
41,1469243462,24
42,278611549,24
43,89413265,24
44,717303483,24
45,2097065971,24
46,6065997,24
61,1419959282,24
62,1529088794,24
63,1878615283,24
64,999837109,24
65,1630523135,24
66,1283184556,24
81,1341751652,24
82,1967835841,24
83,348940927,24
84,2044096870,24
85,932049559,24
86,1428366906,24
1,1858876393,25
2,390397571,25
3,1777708528,25
4,810512321,25
21,89449592,25
22,1884786414,25
23,1147955806,25
24,243930410,25
41,774055914,25
42,987449869,25
43,333211507,25
44,684432250,25
61,1440324788,25
62,1761479332,25
63,1074425895,25
64,1559044176,25
81,1136153340,25
82,99540368,25
83,431854555,25
84,114043592,25
1,235309179,26
2,813328621,26
3,1745144108,26
4,1272078279,26
5,1026382303,26
6,345152247,26
7,1488302265,26
8,1622731982,26
9,383190407,26
10,1875283651,26
11,323129367,26
12,123656672,26
13,1667859932,26
14,1022147936,26
15,1635744282,26
16,1297602868,26
17,1705622227,26
18,1489228878,26
19,1246375991,26
20,404342658,26
21,756838086,26
22,1460358425,26
23,932720900,26
24,118723952,26
25,1674034717,26
26,193466840,26
27,651230009,26
28,370837935,26
29,1787940191,26
30,1209961613,26
31,1059268023,26
32,1888447660,26
33,2072734956,26
34,163143661,26
35,1609622561,26
36,1295571991,26
37,1506389635,26
38,626561041,26
39,1791085341,26
40,959334484,26
41,639701123,26
42,1369908714,26
43,447626454,26
44,146984372,26
45,220821902,26
46,1325303901,26
47,2002963036,26
48,1166018416,26
49,1128565746,26
50,1513961101,26
51,1944745485,26
52,188656520,26
53,1815863384,26
54,583255260,26
55,1264121091,26
56,2069556903,26
57,1737209419,26
58,1055913109,26
59,429055057,26
60,540195163,26
61,1952245499,26
62,444453043,26
63,1699379427,26
64,1666901110,26
65,1899263983,26
66,522832829,26
67,1532735200,26
68,1843587690,26
69,1472322108,26
70,1782021231,26
71,1771906977,26
72,1973159914,26
73,2145167315,26
74,1674607472,26
75,1387815221,26
76,1665319875,26
77,2093607523,26
78,617119720,26
79,547289985,26
80,2022635564,26
81,806784082,26
82,1651782793,26
83,1960530655,26
84,2047335497,26
85,1674879279,26
86,663076912,26
87,502588435,26
88,965527209,26
89,1480578651,26
90,584489327,26
91,633072017,26
92,1933111067,26
93,1972781481,26
94,1189229700,26
95,93257793,26
96,1902334963,26
97,7051971,26
98,376359818,26
99,511328226,26
100,510459292,26
1,1496001038,27
2,1975611796,27
3,696567480,27
4,1058457854,27
5,498344711,27
6,1043786803,27
7,183361413,27
8,392704896,27
9,251666501,27
10,2132975202,27
11,1116285196,27
12,1793414812,27
13,1691265807,27
14,1136359458,27
15,1062051520,27
16,1813924380,27
17,436173686,27
18,281823025,27
19,1969974805,27
20,1236771578,27
21,1750354801,27
22,889239684,27
23,1891103636,27
24,1668531588,27
25,2120712915,27
26,23239366,27
27,1487838133,27
28,1240087680,27
29,128384717,27
30,1152504486,27
31,1469153962,27
32,1429902155,27
33,405715223,27
34,808249383,27
35,793373153,27
36,1613792695,27
37,838077397,27
38,824147686,27
39,207616185,27
40,507930343,27
41,1884521720,27
42,1083972363,27
43,261077843,27
44,664452167,27
45,2073239622,27
46,951296858,27
47,46496647,27
48,1214170629,27
49,1607412543,27
50,497578633,27
51,2035772051,27
52,743024800,27
53,1890515727,27
54,196386409,27
55,341458318,27
56,112883645,27
57,1406304421,27
58,454641948,27
59,732753484,27
60,2138138323,27
61,551094474,27
62,1292598942,27
63,453723204,27
64,1476293967,27
65,986070500,27
66,473936905,27
67,1384624007,27
68,81711862,27
69,328099903,27
70,1697120728,27
71,1688923580,27
72,1463609586,27
73,214363845,27
74,1394487347,27
75,1063812913,27
76,161535180,27
77,111891595,27
78,17953518,27
79,864263928,27
80,2006489945,27
81,421735317,27
82,2146416967,27
83,2058634700,27
84,1370684092,27
85,67570036,27
86,466294292,27
87,1935165264,27
88,205154477,27
89,419030467,27
90,998911632,27
91,1149476182,27
92,1509549347,27
93,1035747452,27
94,744753997,27
95,218776586,27
96,372393807,27
97,1668316253,27
98,1213089625,27
99,1755217488,27
100,1763292761,27
1,457610510,28
2,1652370467,28
3,1655710157,28
4,1784704584,28
5,950399067,28
6,94748560,28
7,348478647,28
8,1991410702,28
9,110578777,28
10,864341652,28
11,2091480412,28
12,689837850,28
13,425273155,28
14,1512942815,28
15,1062187673,28
16,1807894067,28
17,306263570,28
18,125063831,28
19,1256049856,28
20,1344929301,28
21,479143617,28
22,1220292884,28
23,192307160,28
24,326847254,28
25,17277262,28
26,1951446542,28
27,2064505775,28
28,502000051,28
29,1253647221,28
30,16323797,28
31,440035729,28
32,1309516332,28
33,272152736,28
34,231873368,28
35,192577251,28
36,1767470319,28
37,701274083,28
38,306459448,28
39,409044438,28
40,1106492,28
41,1916953834,28
42,2145575307,28
43,548112007,28
44,354245108,28
45,12090938,28
46,410713677,28
47,1336499710,28
48,394620801,28
49,1359124211,28
50,422421754,28
51,1194233996,28
52,425092578,28
53,1843961852,28
54,1129888781,28
55,2000591882,28
56,2071435324,28
57,410801191,28
58,2040102040,28
59,518945182,28
60,102611841,28
61,64251104,28
62,871176025,28
63,1789383860,28
64,1428159524,28
65,830798917,28
66,2124318373,28
67,655004710,28
68,1573726787,28
69,276527646,28
70,1064051386,28
71,1833624965,28
72,2100462891,28
73,1153115096,28
74,2080518603,28
75,780292629,28
76,317362668,28
77,1827763317,28
78,1653061167,28
79,1159608210,28
80,1244679995,28
81,709296331,28
82,1755216756,28
83,1643859443,28
84,1637102006,28
85,35601076,28
86,620643598,28
87,672861106,28
88,1750423893,28
89,300920489,28
90,1798268825,28
91,2145860638,28
92,290879170,28
93,1562824111,28
94,364250775,28
95,1614944245,28
96,694130519,28
97,497532272,28
98,420590299,28
99,1333063384,28
100,1873106382,28
1,152962421,29
2,41433878,29
3,1617558799,29
4,1388895721,29
5,1499990502,29
6,1776576787,29
7,2076932270,29
8,962838241,29
9,2001438681,29
10,1440785986,29
11,1462120646,29
12,423531568,29
13,1715105072,29
14,709178466,29
15,1528293192,29
16,569499317,29
17,1865096587,29
18,772605590,29
19,950216885,29
20,73289752,29
21,1374757406,29
22,1866489195,29
23,1183541287,29
24,96329252,29
25,493249494,29
26,464099440,29
27,71219427,29
28,2021513559,29
29,1928712166,29
30,337233261,29
31,1770482430,29
32,869817818,29
33,1045669819,29
34,1933033582,29
35,1740612946,29
36,469403336,29
37,1336564731,29
38,67491112,29
39,1167222569,29
40,410162083,29
41,1543621842,29
42,1273141587,29
43,1199282731,29
44,239662633,29
45,1819713281,29
46,1898952897,29
47,1059630391,29
48,128092785,29
49,365247578,29
50,1237951016,29
51,1243416040,29
52,733301171,29
53,59474301,29
54,675589186,29
55,1182994445,29
56,865638159,29
57,1063939195,29
58,2085229476,29
59,1613246583,29
60,2041445508,29
61,64374527,29
62,815315622,29
63,1445969654,29
64,865544807,29
65,318798596,29
66,1954404349,29
67,406173834,29
68,1038755435,29
69,1935987450,29
70,1728191682,29
71,1849362553,29
72,309003485,29
73,45542140,29
74,574928890,29
75,1084684540,29
76,981984721,29
77,612121015,29
78,1452233101,29
79,1189684879,29
80,679457352,29
81,1483758184,29
82,525320232,29
83,743802332,29
84,2118252408,29
85,1624115081,29
86,1849639457,29
87,1442518320,29
88,1095129403,29
89,1235362588,29
90,823059449,29
91,619007783,29
92,2140196177,29
93,729499122,29
94,1149855806,29
95,285898882,29
96,1929728394,29
97,666417944,29
98,1545694138,29
99,1916167250,29
100,1796870945,29
1,1645332728,30
2,1702960956,30
3,1974428010,30
4,422803325,30
5,2088938738,30
6,568457471,30
7,228217281,30
8,1421468012,30
9,1265375623,30
10,933314555,30
11,934461691,30
12,1919492647,30
13,1866072762,30
14,718024135,30
15,1289055582,30
16,2107749195,30
17,118962532,30
18,230321221,30
19,287398879,30
20,1665134832,30
21,1970239543,30
22,1991285248,30
23,112628893,30
24,666571727,30
25,1281460282,30
26,1976415877,30
27,1939792977,30
28,1861693487,30
29,2083583040,30
30,250644447,30
31,1195274633,30
32,1952956692,30
33,131875412,30
34,212006701,30
35,1085361719,30
36,1023829970,30
37,959905180,30
38,1797250461,30
39,773284259,30
40,1293545161,30
41,1483756560,30
42,799707559,30
43,1908899872,30
44,977608721,30
45,1671296869,30
46,50284841,30
47,1617129806,30
48,1109050420,30
49,1383164208,30
50,1464123859,30
51,1414371445,30
52,612641869,30
53,859374411,30
54,239487414,30
55,1722849175,30
56,325473578,30
57,713416017,30
58,1309540537,30
59,1249245786,30
60,1327245288,30
61,553445187,30
62,609768522,30
63,1568922721,30
64,1572115805,30
65,42336372,30
66,202673796,30
67,1649033524,30
68,1231314715,30
69,1752834114,30
70,1231932233,30
71,109099446,30
72,1268081496,30
73,2107191570,30
74,1410079095,30
75,1394759587,30
76,1478090533,30
77,462921028,30
78,342679857,30
79,2070395470,30
80,1250299806,30
81,169586451,30
82,1673860773,30
83,1766590586,30
84,1777396596,30
85,1977037551,30
86,455276230,30
87,1256338838,30
88,2007612640,30
89,1139015660,30
90,821806884,30
91,273626158,30
92,1740371451,30
93,1239204091,30
94,1246246126,30
95,1709480858,30
96,1598486842,30
97,910837003,30
98,514456696,30
99,1851005482,30
100,1834418706,30
1,477185558,31
2,162758199,31
3,532787176,31
4,760151205,31
5,532257322,31
6,773003339,31
7,1319253391,31
8,1027307609,31
9,1984364072,31
10,2079530617,31
11,1336843671,31
12,614400521,31
13,445344739,31
14,1299296111,31
15,867825971,31
16,1765046273,31
17,48194277,31
18,1582032450,31
19,751504138,31
20,439158040,31
21,1097796162,31
22,225725463,31
23,1669998213,31
24,690701100,31
25,1309668404,31
26,191015879,31
27,1757982565,31
28,1643250619,31
29,940487691,31
30,1745083829,31
31,63369502,31
32,1099105822,31
33,1827400682,31
34,2071438366,31
35,2059926044,31
36,1779225823,31
37,1391944575,31
38,141504219,31
39,946852947,31
40,118604999,31
41,1110733500,31
42,216214075,31
43,148586489,31
44,1391580738,31
45,2065108618,31
46,430287295,31
47,2079557123,31
48,415885198,31
49,1487015273,31
50,722529370,31
51,148618771,31
52,770175903,31
53,1550488770,31
54,1573959295,31
55,93402689,31
56,314685909,31
57,1404019073,31
58,1955052201,31
59,2006259669,31
60,573126673,31
61,649315129,31
62,1151067762,31
63,1468997322,31
64,156415581,31
65,1582090505,31
66,352661584,31
67,2077805784,31
68,280712229,31
69,1596744159,31
70,139598862,31
71,1613493556,31
72,33602454,31
73,482878655,31
74,1509500674,31
75,876041455,31
76,1105205651,31
77,1979347175,31
78,223860104,31
79,1462221174,31
80,2503759,31
81,2129726472,31
82,39286946,31
83,1105311089,31
84,1706078532,31
85,1081009761,31
86,682755266,31
87,183219637,31
88,1099927241,31
89,631438940,31
90,2032894384,31
91,1558213734,31
92,917442398,31
93,545298125,31
94,916498164,31
95,1330594384,31
96,364945404,31
97,1702458599,31
98,1232111918,31
99,1739296757,31
100,344125960,31
1,1369650924,32
2,97168087,32
3,227133691,32
4,1280275435,32
5,490360549,32
6,284860480,32
7,34539518,32
8,1112553358,32
9,1957842152,32
10,130962073,32
11,237816677,32
12,320858914,32
13,1501277346,32
14,1954547628,32
15,28223545,32
16,1030411777,32
17,763335446,32
18,872792131,32
19,1575272566,32
20,457114137,32
21,718515753,32
22,963030694,32
23,2021533758,32
24,604929812,32
25,1767247463,32
26,826495862,32
27,1682568404,32
28,426478137,32
29,755349630,32
30,1965844473,32
31,724834299,32
32,53513938,32
33,1357449070,32
34,66129000,32
35,625291866,32
36,556308298,32
37,1407076534,32
38,796135383,32
39,124391150,32
40,2077839017,32
41,1615859776,32
42,1480040985,32
43,394355209,32
44,601793088,32
45,1417725178,32
46,1665255710,32
47,1286133828,32
48,1472267578,32
49,997025424,32
50,1569423032,32
51,174885477,32
52,719425902,32
53,559467675,32
54,968315730,32
55,600523218,32
56,616562308,32
57,926105365,32
58,1117800122,32
59,187568821,32
60,1017163055,32
61,935563197,32
62,349689402,32
63,47534116,32
64,1818816346,32
65,1741742262,32
66,432428839,32
67,100688790,32
68,370482935,32
69,757682215,32
70,414647279,32
71,2077789776,32
72,330531521,32
73,2098526465,32
74,908481646,32
75,1598626089,32
76,611337520,32
77,458988647,32
78,839698681,32
79,254406605,32
80,1979249425,32
81,1350131610,32
82,400702301,32
83,2096359845,32
84,1921033560,32
85,585365523,32
86,2125673170,32
87,2098826040,32
88,2117486487,32
89,455960080,32
90,1460403624,32
91,1912528785,32
92,370043238,32
93,940526079,32
94,684448191,32
95,55338368,32
96,1057487258,32
97,1329533574,32
98,1789428456,32
99,981306000,32
100,673710047,32
1,242405529,33
2,1381664690,33
3,375189134,33
4,2000644791,33
5,187991015,33
6,623021238,33
7,1631298224,33
8,385396516,33
9,204577353,33
10,833206401,33
11,34125804,33
12,2047568615,33
13,1715698924,33
14,406949148,33
15,622922651,33
16,1833832072,33
17,1572151204,33
18,143034340,33
19,1325109041,33
20,1767651584,33
21,534796604,33
22,1268837004,33
23,1030526722,33
24,603208005,33
25,488517294,33
26,955661571,33
27,436923453,33
28,445806463,33
29,1134841325,33
30,1897969506,33
31,156612731,33
32,1230594803,33
33,1203111761,33
34,2004726931,33
35,1766388161,33
36,1264653635,33
37,460530517,33
38,804800124,33
39,1302639014,33
40,1720546996,33
41,819664347,33
42,1018589954,33
43,1727626767,33
44,4681394,33
45,94309574,33
46,781468116,33
47,979951788,33
48,1285159988,33
49,1215630289,33
50,212912079,33
51,1678374596,33
52,253242188,33
53,174177469,33
54,1382101276,33
55,1581158420,33
56,792752836,33
57,944150848,33
58,2061651554,33
59,1036023511,33
60,319975628,33
61,1913679896,33
62,1824408531,33
63,314555023,33
64,1767707719,33
65,1452255633,33
66,1326224613,33
67,1536430883,33
68,1983425004,33
69,248973449,33
70,1819367854,33
71,1064442603,33
72,125568963,33
73,69945950,33
74,54088794,33
75,1242960270,33
76,392860377,33
77,764514086,33
78,783185826,33
79,1764707708,33
80,1283582847,33
81,416784370,33
82,1070536856,33
83,148029294,33
84,612369816,33
85,2091799489,33
86,1911148100,33
87,426877922,33
88,625410444,33
89,1296503637,33
90,1025644386,33
91,348355615,33
92,1096012785,33
93,869365065,33
94,95474464,33
95,937800554,33
96,1882731157,33
97,299136253,33
98,1089261241,33
99,465800000,33
100,518477743,33
1,1987292120,34
2,989799516,34
3,605312988,34
4,8410392,34
5,234708245,34
6,1786217251,34
7,2046480704,34
8,636050720,34
9,1504662511,34
10,1920374583,34
11,1641036762,34
12,810268215,34
13,1416200486,34
14,496863659,34
15,678481167,34
16,1550923783,34
17,1726850738,34
18,1706132590,34
19,1224855311,34
20,1080523406,34
21,1925023547,34
22,884792699,34
23,288274531,34
24,1720116905,34
25,891046109,34
26,1601002965,34
27,1626119445,34
28,1097374544,34
29,139836162,34
30,491330121,34
31,646845342,34
32,105653127,34
33,295451884,34
34,555541563,34
35,96581011,34
36,138113765,34
37,745039236,34
38,1297901189,34
39,1343815609,34
40,274963296,34
41,160119599,34
42,471154441,34
43,1935894857,34
44,1998046341,34
45,1720576993,34
46,1613870170,34
47,355619419,34
48,1358660172,34
49,1316188656,34
50,1996149116,34
51,826212842,34
52,1782866364,34
53,689896707,34
54,1460751136,34
55,16432070,34
56,247096477,34
57,82025609,34
58,1110422513,34
59,329370607,34
60,1039474706,34
61,329769110,34
62,1358954083,34
63,1066166242,34
64,1264267238,34
65,288576415,34
66,1158626757,34
67,1248263231,34
68,450260728,34
69,1661718430,34
70,1526915282,34
71,1678024727,34
72,1254647823,34
73,604710006,34
74,1265664424,34
75,388405155,34
76,1423475989,34
77,1236577996,34
78,1514669496,34
79,319233879,34
80,701804106,34
81,837777400,34
82,1851696219,34
83,1123992430,34
84,832488040,34
85,64933110,34
86,736127727,34
87,199120418,34
88,1930253041,34
89,1719385522,34
90,1009889167,34
91,1205675025,34
92,915214927,34
93,518068925,34
94,299890644,34
95,2104062433,34
96,1133413520,34
97,118931124,34
98,1355179147,34
99,319690885,34
100,1475454291,34
1,1781556560,35
2,755287037,35
3,1774558992,35
4,324764679,35
5,978300130,35
6,390145847,35
7,2082917007,35
8,1325772387,35
9,1794116416,35
10,1757097052,35
11,709442788,35
12,1219115895,35
13,2028555054,35
14,161205299,35
15,687178614,35
16,317795456,35
17,707273740,35
18,483389562,35
19,1354503768,35
20,1624059436,35
21,595571141,35
22,990390994,35
23,301749939,35
24,619006890,35
25,784222300,35
26,607621888,35
27,1501926037,35
28,817768240,35
29,158148424,35
30,1916038175,35
31,562559046,35
32,1917236166,35
33,425752702,35
34,547597460,35
35,1852067772,35
36,165599543,35
37,560619011,35
38,1666717832,35
39,920946429,35
40,258757309,35
41,1820687419,35
42,1368261232,35
43,1169291681,35
44,1934661703,35
45,2085958369,35
46,1025627834,35
47,662777621,35
48,1618712862,35
49,2070694344,35
50,1444254487,35
51,1540345044,35
52,1561768466,35
53,1786214075,35
54,1189400322,35
55,149648415,35
56,1948948555,35
57,2107814705,35
58,1436106552,35
59,1334859425,35
60,1115194361,35
61,1165529804,35
62,475665533,35
63,1688777759,35
64,2122577243,35
65,127984180,35
66,1081760724,35
67,1531237613,35
68,1236192947,35
69,1200444808,35
70,1097646145,35
71,227209805,35
72,680010430,35
73,1426379423,35
74,172878592,35
75,1140688914,35
76,1704474575,35
77,907650920,35
78,1502999699,35
79,2033396465,35
80,955963921,35
81,2044461525,35
82,1665159339,35
83,103499855,35
84,536376821,35
85,89057184,35
86,1839598131,35
87,1127099751,35
88,748414255,35
89,1291292326,35
90,1453305997,35
91,101801692,35
92,421475240,35
93,1733287741,35
94,1415872378,35
95,1856420820,35
96,1357336896,35
97,1238223010,35
98,328680579,35
99,28985187,35
100,2072473630,35
1,1302176061,36
2,399187105,36
3,1310780933,36
4,1816615618,36
5,768350535,36
6,2024917534,36
7,1448889379,36
8,620917249,36
9,1715194717,36
10,712318928,36
11,1504443789,36
12,1436467184,36
13,209629690,36
14,283684801,36
15,1510326628,36
16,2031192901,36
17,2070887618,36
18,1163066826,36
19,968010601,36
20,1349808698,36
21,1439325710,36
22,2121389760,36
23,396417769,36
24,176563346,36
25,1740258620,36
26,1474507902,36
27,505905712,36
28,307445207,36
29,1800012942,36
30,1392808403,36
31,2796573,36
32,1106935235,36
33,1673323163,36
34,335312011,36
35,289442619,36
36,381552780,36
37,163028428,36
38,332715231,36
39,181998113,36
40,476743206,36
41,1077713199,36
42,1699904539,36
43,582068118,36
44,37338229,36
45,829086829,36
46,1882226781,36
47,1007562253,36
48,733773050,36
49,491865235,36
50,1284927369,36
51,1692743666,36
52,1141680973,36
53,1655800115,36
54,143919569,36
55,1573172256,36
56,882961832,36
57,1604212491,36
58,2071356009,36
59,233198816,36
60,1850639901,36
61,1428556217,36
62,792028531,36
63,364914138,36
64,1095431256,36
65,1728221702,36
66,2126446478,36
67,48954630,36
68,1842849872,36
69,1341670377,36
70,845075244,36
71,1623387307,36
72,1812508444,36
73,620009458,36
74,1987415033,36
75,481892560,36
76,1775475083,36
77,44886551,36
78,1885626365,36
79,508763683,36
80,1194445682,36
81,1172837770,36
82,301638337,36
83,595730507,36
84,2123830191,36
85,1423337203,36
86,1995695517,36
87,901437650,36
88,1754087686,36
89,1956738367,36
90,1090693116,36
91,1518680634,36
92,1969033545,36
93,1580663106,36
94,86327085,36
95,2003479099,36
96,1510157695,36
97,829955810,36
98,1840590985,36
99,763882200,36
100,628743137,36
1,1792671014,37
2,1409685726,37
3,728176084,37
4,524748923,37
5,276469881,37
6,262203753,37
7,1737676731,37
8,1837078234,37
9,1601918697,37
10,1671929397,37
11,196115992,37
12,847945756,37
13,607367972,37
14,1942758967,37
15,250736638,37
16,939780639,37
17,1827062885,37
18,362170785,37
19,902485733,37
20,1019715887,37
21,677347544,37
22,1475874321,37
23,1101434739,37
24,1835610688,37
25,584852065,37
26,1529849210,37
27,91697011,37
28,713563863,37
29,120761644,37
30,1725190393,37
31,636737623,37
32,1240780179,37
33,900592276,37
34,1560657045,37
35,1106096202,37
36,340007871,37
37,973043444,37
38,119391060,37
39,1569133671,37
40,1846465005,37
41,2123991814,37
42,192805649,37
43,766340817,37
44,141778022,37
45,370512435,37
46,965324723,37
47,1275049328,37
48,1100777714,37
49,832023587,37
50,1864551140,37
51,1173894197,37
52,1731722499,37
53,1681324818,37
54,586425801,37
55,236245077,37
56,1927855285,37
57,1118723783,37
58,1605544664,37
59,828703359,37
60,1546554885,37
61,1975501093,37
62,2019098197,37
63,2022536734,37
64,944314065,37
65,2078438396,37
66,1902467707,37
67,329317933,37
68,1029983113,37
69,1472450835,37
70,9832679,37
71,50383864,37
72,1744191482,37
73,734172007,37
74,317637393,37
75,1915095196,37
76,245973019,37
77,153771171,37
78,1858216926,37
79,1901160993,37
80,285298648,37
81,2037657183,37
82,560403458,37
83,105873398,37
84,1653417352,37
85,1762061613,37
86,828759011,37
87,2133621703,37
88,139583164,37
89,1640074507,37
90,520983242,37
91,832995222,37
92,1404070883,37
93,1059676484,37
94,224385877,37
95,198676392,37
96,906501467,37
97,1848870653,37
98,1882071501,37
99,306318525,37
100,656585815,37
1,1487533480,38
2,1624787693,38
3,1738086147,38
4,144769155,38
5,1462263078,38
6,1168958545,38
7,714740266,38
8,35126958,38
9,1653861727,38
10,120084801,38
11,241072104,38
12,207719832,38
13,1808159487,38
14,577048346,38
15,709754703,38
16,1745060697,38
17,1608833288,38
18,908921550,38
19,1706542784,38
20,356969806,38
21,171831811,38
22,139635929,38
23,1022799853,38
24,934520045,38
25,1300056669,38
26,197834724,38
27,1642007969,38
28,2047968182,38
29,2030822766,38
30,1926845236,38
31,1060939561,38
32,1044872060,38
33,161456739,38
34,1234672321,38
35,789444728,38
36,1916510205,38
37,1744001421,38
38,597295453,38
39,493773853,38
40,1418635916,38
41,1904989886,38
42,870439236,38
43,1983800814,38
44,504093779,38
45,2140492951,38
46,1405256982,38
47,1893978302,38
48,1750818484,38
49,2085653480,38
50,267288201,38
51,366735361,38
52,1043305942,38
53,1859037607,38
54,2087009357,38
55,560377875,38
56,1674114865,38
57,1223395259,38
58,254925190,38
59,1160311357,38
60,1254823853,38
61,497169181,38
62,956776886,38
63,1594175752,38
64,933154064,38
65,1879055290,38
66,989417233,38
67,1571966754,38
68,647821517,38
69,493104686,38
70,692682217,38
71,456141010,38
72,1221093511,38
73,1001462209,38
74,1876859627,38
75,408797908,38
76,1415573596,38
77,140712161,38
78,436191950,38
79,937446695,38
80,298911123,38
81,1770676742,38
82,842776139,38
83,1716816172,38
84,2116131280,38
85,190147231,38
86,992861526,38
87,1986775300,38
88,1598454827,38
89,1835777406,38
90,501702643,38
91,890362634,38
92,1958917685,38
93,1677663971,38
94,192483314,38
95,587403764,38
96,1907036881,38
97,1524838417,38
98,69612716,38
99,1343809193,38
100,1976975106,38
1,1972345183,39
2,2002798660,39
3,967102120,39
4,776414178,39
5,451771945,39
6,122540054,39
7,1232255162,39
8,527204313,39
9,721671004,39
10,1973708859,39
11,504013141,39
12,1282106215,39
13,1348815021,39
14,1867571296,39
15,1826586908,39
16,2034673970,39
17,715418569,39
18,56142908,39
19,1932488604,39
20,601139850,39
21,1233164588,39
22,635563892,39
23,437878039,39
24,1769073948,39
25,663759270,39
26,1891111544,39
27,648928445,39
28,1259281073,39
29,1831494438,39
30,435046585,39
31,1270836553,39
32,632450113,39
33,1811137464,39
34,1029159858,39
35,1196256296,39
36,1130540523,39
37,1366576108,39
38,2034106165,39
39,253853391,39
40,887988308,39
41,1199219044,39
42,316224262,39
43,861708475,39
44,648701530,39
45,96646949,39
46,937633899,39
47,113222011,39
48,1235632329,39
49,1863063472,39
50,11902048,39
51,1354498344,39
52,1851979887,39
53,1490848625,39
54,1228041559,39
55,1605722984,39
56,415826323,39
57,593958688,39
58,1165861217,39
59,1445133677,39
60,1460609796,39
61,1370825967,39
62,1852862023,39
63,1894723550,39
64,966769101,39
65,1057964592,39
66,862073059,39
67,659368032,39
68,38819260,39
69,1661386298,39
70,452814646,39
71,453413822,39
72,1668613458,39
73,1808155647,39
74,1394552388,39
75,192217601,39
76,739230555,39
77,2088321775,39
78,1272535728,39
79,1189496084,39
80,1618773248,39
81,1438521325,39
82,1012337870,39
83,557085097,39
84,670109783,39
85,1325322323,39
86,1616065070,39
87,2056496424,39
88,1566622832,39
89,753972167,39
90,785538110,39
91,1479904626,39
92,1076139910,39
93,1150976552,39
94,51808327,39
95,937114411,39
96,1363089942,39
97,2024974813,39
98,1879510599,39
99,1391145495,39
100,777302155,39
1,1172019380,40
2,1022631847,40
3,1342731303,40
4,149370195,40
5,1478239531,40
6,2063560261,40
7,1260609668,40
8,1562828961,40
9,1408184512,40
10,1351665006,40
11,1177579443,40
12,1210529862,40
13,1193806596,40
14,1345229896,40
15,622576603,40
16,208108161,40
17,1790363932,40
18,2146954875,40
19,1181514230,40
20,307858378,40
21,2135315325,40
22,550661977,40
23,532880258,40
24,186527784,40
25,1357394648,40
26,412115091,40
27,2042302232,40
28,2086472773,40
29,426218325,40
30,220220011,40
31,366740721,40
32,638160,40
33,1776235539,40
34,680417000,40
35,1333880635,40
36,1933903874,40
37,2049296920,40
38,420740319,40
39,680904002,40
40,399820090,40
41,2011696630,40
42,1175477704,40
43,1081248333,40
44,1756256939,40
45,206157456,40
46,97312486,40
47,1926009829,40
48,1869381993,40
49,1049709577,40
50,1081709084,40
51,138538358,40
52,2053522932,40
53,1789593390,40
54,2138817530,40
55,567220297,40
56,552688592,40
57,1644903795,40
58,899157084,40
59,155368600,40
60,1317381518,40
61,2103866301,40
62,356557076,40
63,1562923123,40
64,797967164,40
65,686133235,40
66,1210006553,40
67,1621482551,40
68,1733114793,40
69,2074212684,40
70,1819580439,40
71,1653175916,40
72,664363364,40
73,1467906371,40
74,113783070,40
75,1417017774,40
76,1021150989,40
77,2080011223,40
78,138797875,40
79,760101757,40
80,447492956,40
81,422055526,40
82,1965551013,40
83,853510983,40
84,309227772,40
85,103089643,40
86,1421602584,40
87,356331193,40
88,1589387901,40
89,757792198,40
90,2099417066,40
91,1664560843,40
92,359722770,40
93,44223308,40
94,1574615602,40
95,522374292,40
96,1762241553,40
97,401744109,40
98,503432346,40
99,2096190683,40
100,1471275939,40
1,1213460120,41
2,1638357669,41
3,995006979,41
4,1007567364,41
5,445096868,41
6,83066922,41
7,1646473566,41
8,757281403,41
9,3428130,41
10,1910634490,41
11,1959336404,41
12,1311239012,41
13,1262331595,41
14,1597999979,41
15,552867718,41
16,621358642,41
17,1581544416,41
18,1701891302,41
19,956342535,41
20,619100823,41
21,1780397627,41
22,982908857,41
23,1152759916,41
24,1646987130,41
25,1106453102,41
26,1407813820,41
27,1418639429,41
28,1294305483,41
29,1085695281,41
30,1651563854,41
31,1894334060,41
32,1741764361,41
33,2002074849,41
34,1080206636,41
35,1182479669,41
36,1552961735,41
37,1809820950,41
38,865419919,41
39,463879487,41
40,773996408,41
41,106695107,41
42,1044102043,41
43,1905097610,41
44,1171438524,41
45,848092537,41
46,88985758,41
47,715440583,41
48,835525817,41
49,1566670604,41
50,998729531,41
51,1818268646,41
52,1290635502,41
53,1196741913,41
54,1606109906,41
55,1170692178,41
56,1119086343,41
57,1363093142,41
58,615276345,41
59,1830947639,41
60,1521267884,41
61,239063484,41
62,1364153831,41
63,1030554066,41
64,1721838336,41
65,883415508,41
66,1884566907,41
67,356327617,41
68,1504576833,41
69,1559974026,41
70,1059634097,41
71,1631218064,41
72,12858437,41
73,973650927,41
74,1769029760,41
75,80750903,41
76,783325096,41
77,454495740,41
78,1894436040,41
79,1325385504,41
80,1064553852,41
81,1715131850,41
82,2043421335,41
83,2030977690,41
84,1712008890,41
85,279908418,41
86,1286906003,41
87,1030873698,41
88,175178950,41
89,964885988,41
90,1790339847,41
91,1696567529,41
92,1726760350,41
93,1775605833,41
94,1840948130,41
95,987213735,41
96,117809371,41
97,100461687,41
98,231813238,41
99,888262259,41
100,2116787997,41
1,1008577651,42
2,418899146,42
3,1810236208,42
4,1850679931,42
5,494513636,42
6,83526032,42
7,828046105,42
8,1277067629,42
9,2002859436,42
10,1527199867,42
11,579589053,42
12,1070875713,42
13,1134084810,42
14,954513957,42
15,1257870205,42
16,2076686522,42
17,441157995,42
18,1641732548,42
19,1175572059,42
20,182801502,42
21,1325684733,42
22,1734741061,42
23,195953195,42
24,776725475,42
25,308821000,42
26,1539475254,42
27,1500839099,42
28,1533030106,42
29,1292602078,42
30,1202070715,42
31,1619132150,42
32,283391045,42
33,1348536492,42
34,2011113027,42
35,1826341149,42
36,1137534864,42
37,1143812202,42
38,467659294,42
39,1093477148,42
40,601385609,42
41,1464524606,42
42,1685683250,42
43,1774459072,42
44,1832556782,42
45,139228849,42
46,61435805,42
47,725577722,42
48,1238352993,42
49,1354589923,42
50,1059788840,42
51,1211005133,42
52,1995147319,42
53,1863494368,42
54,290875090,42
55,1249414149,42
56,151577170,42
57,364851006,42
58,769158828,42
59,354472943,42
60,1363117888,42
61,1914480499,42
62,124177326,42
63,381181671,42
64,1905616397,42
65,156874092,42
66,1372576605,42
67,335032112,42
68,902598041,42
69,139613920,42
70,2099604595,42
71,105597453,42
72,1937287659,42
73,259511665,42
74,1687083711,42
75,1817453910,42
76,47545727,42
77,1122915266,42
78,624635517,42
79,349690731,42
80,122977202,42
81,721219067,42
82,398592533,42
83,1960655086,42
84,1383038627,42
85,458579391,42
86,122539886,42
87,1783038639,42
88,1942298027,42
89,1370317551,42
90,918163204,42
91,534271832,42
92,1451992711,42
93,796147426,42
94,915263599,42
95,372308383,42
96,1590972334,42
97,417712689,42
98,348890417,42
99,1674555068,42
100,1546618524,42
1,1995507256,43
2,1827886488,43
3,1517498373,43
4,1980560507,43
5,787147537,43
6,918483153,43
7,1250277087,43
8,482250550,43
9,1110753353,43
10,898626825,43
11,704502161,43
12,1830504355,43
13,1771564441,43
14,240074784,43
15,1121093095,43
16,983419133,43
17,1035329061,43
18,849822956,43
19,359067991,43
20,892749979,43
21,1980888656,43
22,1150974130,43
23,135289965,43
24,1990509281,43
25,2000478613,43
26,150798194,43
27,637514386,43
28,1513590983,43
29,654587158,43
30,1884514126,43
31,912551911,43
32,1009194332,43
33,316849396,43
34,1277638325,43
35,1117166086,43
36,1727831188,43
37,1846224859,43
38,1968619463,43
39,1192041788,43
40,1317841956,43
41,229900627,43
42,1201051556,43
43,1308487001,43
44,1961636816,43
45,775334351,43
46,1990836607,43
47,898367318,43
48,1085631546,43
49,1128854132,43
50,1061358157,43
51,1672453886,43
52,239442697,43
53,939442638,43
54,2079649280,43
55,1020358459,43
56,1006369152,43
57,491955455,43
58,1083578994,43
59,989137351,43
60,1660071963,43
61,1465874352,43
62,1545756353,43
63,739238797,43
64,1686556178,43
65,1593094678,43
66,837819297,43
67,2053005435,43
68,1727914960,43
69,1553887337,43
70,2139744470,43
71,1526324307,43
72,1125578293,43
73,208398657,43
74,1588177583,43
75,475241426,43
76,1201613534,43
77,1069008064,43
78,1553907688,43
79,718327318,43
80,169296490,43
81,2055279991,43
82,1476760728,43
83,1347094284,43
84,1086680210,43
85,1183917695,43
86,369426380,43
87,1972149055,43
88,1005376356,43
89,1693767299,43
90,110803907,43
91,76692985,43
92,1769484318,43
93,1793554195,43
94,35690430,43
95,1188552707,43
96,1676949780,43
97,677925944,43
98,1579130904,43
99,2141894616,43
100,2040715287,43
1,39686387,44
2,91216800,44
3,68180413,44
4,149904484,44
5,396027309,44
6,922416672,44
7,850378806,44
8,1762179512,44
9,698577996,44
10,1480193668,44
11,903725881,44
12,235790471,44
13,908800918,44
14,1606353603,44
15,424429408,44
16,2088516004,44
17,1588574466,44
18,417971096,44
19,793608572,44
20,756900144,44
21,1255447385,44
22,817569795,44
23,233444556,44
24,2069233781,44
25,18046439,44
26,1292249399,44
27,1072878027,44
28,76578358,44
29,1735290903,44
30,153810600,44
31,1510123846,44
32,1335372651,44
33,1382480573,44
34,317026621,44
35,515559478,44
36,1985287302,44
37,1254413792,44
38,2012593447,44
39,819922321,44
40,881609004,44
41,1068416504,44
42,1786430434,44
43,2074606408,44
44,1100013300,44
45,726849127,44
46,837128160,44
47,861039251,44
48,2067174,44
49,274257579,44
50,142256940,44
51,1114619181,44
52,172890894,44
53,1230048896,44
54,1905403504,44
55,1320631846,44
56,228673004,44
57,336005824,44
58,282066362,44
59,287783423,44
60,2062451044,44
61,106239745,44
62,1580917978,44
63,1004591569,44
64,393979351,44
65,1161032662,44
66,1126293958,44
67,1261493474,44
68,1310066575,44
69,1431043910,44
70,555985490,44
71,1288483341,44
72,1240794472,44
73,1009430662,44
74,1959319630,44
75,416568278,44
76,370307183,44
77,357612750,44
78,1630851743,44
79,643107114,44
80,2103285520,44
81,187403583,44
82,1477566576,44
83,2135550107,44
84,288582181,44
85,1136045015,44
86,1629719398,44
87,914393710,44
88,720879192,44
89,1584826217,44
90,734651849,44
91,1936798530,44
92,613072919,44
93,492787195,44
94,136430996,44
95,788439549,44
96,1097161106,44
97,1306518542,44
98,277157651,44
99,564247095,44
100,1673461384,44
1,1581217915,45
2,1057446326,45
3,1423884926,45
4,1286479171,45
5,1621902097,45
6,1757178113,45
7,93382314,45
8,1164477872,45
9,694303404,45
10,844923822,45
11,342821510,45
12,1637626194,45
13,1481499839,45
14,154887635,45
15,1072039355,45
16,74967254,45
17,4233066,45
18,2006167254,45
19,1815497042,45
20,1479512172,45
21,531283439,45
22,1612668963,45
23,117940697,45
24,1964588862,45
25,1221299224,45
26,702797446,45
27,219401915,45
28,1410449566,45
29,1121789683,45
30,647510605,45
31,186164904,45
32,1252528591,45
33,991871675,45
34,914677677,45
35,678761422,45
36,374583631,45
37,1152109283,45
38,349076466,45
39,535615604,45
40,477024589,45
41,83954188,45
42,761818454,45
43,672657813,45
44,259355805,45
45,362718502,45
46,1748210778,45
47,1042700960,45
48,755729201,45
49,1327950757,45
50,165989564,45
51,1395977067,45
52,2033318753,45
53,234314297,45
54,1029651380,45
55,1606871562,45
56,1038430795,45
57,1937294191,45
58,1639348503,45
59,254410445,45
60,1248477173,45
61,141273088,45
62,1022866478,45
63,1842511545,45
64,883205306,45
65,901866372,45
66,45570656,45
67,1095352230,45
68,891553609,45
69,197677281,45
70,34821910,45
71,653755546,45
72,523486619,45
73,634277974,45
74,1988307995,45
75,472304172,45
76,1562150150,45
77,1950171222,45
78,717539824,45
79,37752534,45
80,1537642126,45
81,1029584165,45
82,1944990512,45
83,354234771,45
84,506107026,45
85,793437487,45
86,1007952943,45
87,945765387,45
88,1178585079,45
89,1736463403,45
90,797766298,45
91,1864382599,45
92,972091716,45
93,1801665190,45
94,2079973709,45
95,541601120,45
96,704000373,45
97,636019580,45
98,447008896,45
99,1621975414,45
100,306153280,45
1,914460227,46
2,550765839,46
3,1643951994,46
4,1489833976,46
5,1701463638,46
6,1060022994,46
7,636465687,46
8,736269873,46
9,647863932,46
10,989673558,46
11,1728753885,46
12,612567695,46
13,2019036344,46
14,5130801,46
15,383806342,46
16,190733935,46
17,1963506387,46
18,458814321,46
19,658178051,46
20,765886294,46
21,1685193392,46
22,649081792,46
23,672697719,46
24,265882134,46
25,1704100486,46
26,1273416015,46
27,2077941888,46
28,1880831060,46
29,1810435830,46
30,1346244141,46
31,700331242,46
32,1355060220,46
33,1811014040,46
34,1148084959,46
35,2035061128,46
36,1808146210,46
37,1437926140,46
38,1074170779,46
39,1924667081,46
40,1947059916,46
41,1797873894,46
42,84182957,46
43,164202371,46
44,1617403513,46
45,1778497762,46
46,457810661,46
47,1442206859,46
48,975035733,46
49,706308619,46
50,1902667512,46
51,1614852118,46
52,1861116918,46
53,928974899,46
54,322312074,46
55,207328846,46
56,2145535915,46
57,696130894,46
58,939949852,46
59,1747991531,46
60,1078470749,46
61,874018946,46
62,318728220,46
63,1083787455,46
64,1503161758,46
65,42094091,46
66,38867947,46
67,1523370189,46
68,378940352,46
69,1996823301,46
70,2081912175,46
71,2087325428,46
72,1906045571,46
73,123554860,46
74,823231944,46
75,1746171222,46
76,1186443766,46
77,54371207,46
78,1509905469,46
79,130618365,46
80,518445167,46
81,513605091,46
82,1699518391,46
83,909121365,46
84,1310966448,46
85,1019966809,46
86,1703341279,46
87,500698184,46
88,294460473,46
89,747973282,46
90,1128595323,46
91,136908196,46
92,1927918239,46
93,684218895,46
94,1684454357,46
95,282445606,46
96,2043479400,46
97,818755387,46
98,403373825,46
99,821198196,46
100,876864392,46
1,61108805,47
2,1675962773,47
3,976788735,47
4,1335476998,47
5,2025905874,47
6,592327781,47
7,1809380736,47
8,1739445433,47
9,1051906208,47
10,1169074761,47
11,977558807,47
12,1167880106,47
13,1518920390,47
14,800407849,47
15,197266476,47
16,1985010503,47
17,1608404326,47
18,407824010,47
19,524731063,47
20,15030006,47
21,321812872,47
22,880683284,47
23,2030090193,47
24,1765447438,47
25,1453974504,47
26,1674168484,47
27,1016069174,47
28,1184304087,47
29,1665306300,47
30,2090192871,47
31,1548379828,47
32,438350246,47
33,1107127099,47
34,2124424524,47
35,193676570,47
36,1558117380,47
37,1125380469,47
38,26433311,47
39,844447634,47
40,143376718,47
41,1669382796,47
42,284403857,47
43,1320650652,47
44,320281574,47
45,2014140449,47
46,1718642026,47
47,1212195238,47
48,295847675,47
49,1010517826,47
50,674755951,47
51,1122970621,47
52,668053754,47
53,1664538217,47
54,1126142403,47
55,2058433463,47
56,355130073,47
57,1503404214,47
58,4922441,47
59,611872313,47
60,2073551466,47
61,1687214312,47
62,800018280,47
63,179401917,47
64,711955804,47
65,778378843,47
66,1951798979,47
67,299370464,47
68,2143618819,47
69,656984615,47
70,1046040533,47
71,1447820468,47
72,725038688,47
73,2073543457,47
74,2002621107,47
75,1336322706,47
76,1983210302,47
77,1613002296,47
78,1487867857,47
79,2003742812,47
80,1424843220,47
81,2144810039,47
82,1146517390,47
83,48991903,47
84,46911962,47
85,761390708,47
86,593881635,47
87,974826186,47
88,1555768006,47
89,1981560764,47
90,920594173,47
91,1379735728,47
92,181290748,47
93,1609103156,47
94,1205297078,47
95,1600075594,47
96,1633249231,47
97,732629851,47
98,472841357,47
99,1302242570,47
100,3830097,47
1,2087715984,48
2,1740965437,48
3,1911467946,48
4,939597824,48
5,944497169,48
6,989384361,48
7,1824796647,48
8,479357207,48
9,434782806,48
10,757664713,48
11,314659158,48
12,2065604906,48
13,1903845722,48
14,281646998,48
15,1190174471,48
16,1746792052,48
17,747459667,48
18,1230177006,48
19,1175858626,48
20,678206132,48
21,1788124593,48
22,63510310,48
23,1990122766,48
24,810520988,48
25,1445211539,48
26,276719505,48
27,1870083699,48
28,1477708431,48
29,430733824,48
30,1838106617,48
31,832204761,48
32,865345137,48
33,1260118730,48
34,219858363,48
35,1679777124,48
36,254368674,48
37,1825413930,48
38,369955281,48
39,1837730141,48
40,928984849,48
41,784271628,48
42,1696706508,48
43,1970005539,48
44,138727177,48
45,33022968,48
46,1904535359,48
47,1199145216,48
48,1761489029,48
49,558443575,48
50,724039555,48
51,149370808,48
52,765031588,48
53,82115046,48
54,1194412832,48
55,724144569,48
56,86002100,48
57,230591110,48
58,552023004,48
59,254093734,48
60,1371108825,48
61,1450541553,48
62,2146414935,48
63,199396554,48
64,970550102,48
65,814217220,48
66,1679154163,48
67,2059521798,48
68,835416289,48
69,1455255523,48
70,678694784,48
71,2078237617,48
72,488490059,48
73,943869620,48
74,876631572,48
75,1270915563,48
76,1873458809,48
77,322454560,48
78,1948794704,48
79,330000846,48
80,322408003,48
81,5298088,48
82,1074905624,48
83,1444563911,48
84,2098210228,48
85,555140440,48
86,1022967929,48
87,267841948,48
88,343917982,48
89,1967896398,48
90,819727590,48
91,946540365,48
92,1017986775,48
93,789959154,48
94,1784732844,48
95,96977115,48
96,1186341198,48
97,48370265,48
98,633233414,48
99,2064441364,48
100,1577944188,48
1,1882352616,49
2,789014150,49
3,645027238,49
4,1733412876,49
5,510083924,49
6,627231302,49
7,354195033,49
8,420359482,49
9,2082069922,49
10,1827924790,49
11,291418522,49
12,1759551421,49
13,1979792924,49
14,849879302,49
15,1857657885,49
16,1008275006,49
17,1442560343,49
18,539943978,49
19,1616821048,49
20,1592740172,49
21,1159736332,49
22,602501406,49
23,1089881060,49
24,1480825384,49
25,2035447614,49
26,419257986,49
27,1027524978,49
28,1477561694,49
29,992692814,49
30,224680948,49
31,2128845078,49
32,872210907,49
33,1581888686,49
34,1086339068,49
35,540640797,49
36,893962058,49
37,1020048699,49
38,1463319500,49
39,1095271453,49
40,1174496791,49
41,750347738,49
42,1139108237,49
43,896204564,49
44,176183752,49
45,1053383048,49
46,5451322,49
47,1670950440,49
48,1531512632,49
49,309602154,49
50,69113661,49
51,1954704830,49
52,604631864,49
53,2087209654,49
54,1232563393,49
55,858496906,49
56,1559469559,49
57,1131921572,49
58,2077841092,49
59,1855422202,49
60,1615729524,49
61,1539957214,49
62,2127650904,49
63,678582510,49
64,539449194,49
65,1539056525,49
66,811449122,49
67,1303993240,49
68,687674605,49
69,1034111716,49
70,651256855,49
71,890498627,49
72,212230756,49
73,1114497151,49
74,1613613135,49
75,895700740,49
76,1496167704,49
77,1893779497,49
78,1829935966,49
79,1561145764,49
80,1819010645,49
81,708806956,49
82,2135483478,49
83,1993929167,49
84,1100735614,49
85,51473998,49
86,184851104,49
87,843557200,49
88,2016984500,49
89,2027419985,49
90,1955878255,49
91,1362548931,49
92,1349084383,49
93,29229491,49
94,1613513191,49
95,1500468264,49
96,988905288,49
97,190559295,49
98,66685468,49
99,215336026,49
100,1098070251,49
1,702652628,50
2,708236258,50
3,1090472526,50
4,1272269333,50
5,1024636839,50
6,278020242,50
7,838962166,50
8,862394764,50
9,1786043793,50
10,1929039772,50
11,999974241,50
12,1657196156,50
13,2111177489,50
14,24396441,50
15,437448800,50
16,495954352,50
17,1309028624,50
18,1283484602,50
19,245284545,50
20,221412740,50
21,519448066,50
22,647952828,50
23,1278765903,50
24,1793961547,50
25,1951205889,50
26,1264721822,50
27,1269947018,50
28,1738855275,50
29,1730203092,50
30,941552853,50
31,798885042,50
32,1570173080,50
33,650201477,50
34,52087027,50
35,1569455305,50
36,306124396,50
37,1656978513,50
38,656082605,50
39,674865881,50
40,1918984551,50
41,1490698410,50
42,623018933,50
43,238522285,50
44,247467936,50
45,876665634,50
46,897595463,50
47,1025468546,50
48,940891239,50
49,327779807,50
50,206862248,50
51,503165001,50
52,847856832,50
53,997805963,50
54,1122537006,50
55,1247144862,50
56,935804146,50
57,1527804037,50
58,1442897802,50
59,1973631071,50
60,1975345968,50
61,1967518285,50
62,1620717146,50
63,55228532,50
64,1390482728,50
65,1189853192,50
66,1233350342,50
67,2038283545,50
68,1950024428,50
69,848353049,50
70,1667567851,50
71,1657438724,50
72,1461396827,50
73,645996149,50
74,284050224,50
75,568904945,50
76,1575684345,50
77,446951017,50
78,767274469,50
79,173052451,50
80,472011224,50
81,1770291237,50
82,1179795312,50
83,1235347633,50
84,1974922325,50
85,534322588,50
86,1813860025,50
87,1649259437,50
88,2115676124,50
89,621152453,50
90,1381292863,50
91,155151842,50
92,100224860,50
93,970243658,50
94,1844566448,50
95,155722049,50
96,106756749,50
97,1330923740,50
98,1167558759,50
99,569039158,50
100,1540642914,50
1,1551665907,51
2,1166104908,51
3,822810612,51
4,565910223,51
5,1841054413,51
6,1202007967,51
7,966270032,51
8,239057054,51
9,1892680184,51
10,181570134,51
11,1509053882,51
12,804962163,51
13,75690756,51
14,978239256,51
15,2143970409,51
16,511629964,51
17,648745723,51
18,738887641,51
19,645338171,51
20,1780832902,51
21,755270045,51
22,157456357,51
23,3422316,51
24,1007391955,51
25,1427381815,51
26,901930134,51
27,1626150077,51
28,383287572,51
29,1582842730,51
30,770586121,51
31,1800449954,51
32,1923761911,51
33,147746855,51
34,1819015246,51
35,1969251603,51
36,2068263186,51
37,1793281849,51
38,2033386502,51
39,732506525,51
40,247940783,51
41,1563082054,51
42,2070158485,51
43,1309861845,51
44,772517123,51
45,1096640469,51
46,522872412,51
47,539208031,51
48,1389893636,51
49,1748664226,51
50,889753921,51
51,9426246,51
52,247594718,51
53,427332059,51
54,957492321,51
55,938257344,51
56,674472959,51
57,978043235,51
58,970614093,51
59,1253384810,51
60,1968648570,51
61,992422662,51
62,1813998475,51
63,785609126,51
64,613210851,51
65,1183221859,51
66,736224559,51
67,1524736302,51
68,41073775,51
69,2110328990,51
70,1324943356,51
71,229951051,51
72,261483337,51
73,1035015849,51
74,1520711117,51
75,140396397,51
76,1381459494,51
77,705130672,51
78,381993035,51
79,1640899060,51
80,1695748523,51
81,251191810,51
82,773012377,51
83,137640524,51
84,74216939,51
85,2093500448,51
86,761447966,51
87,1270192779,51
88,1562877387,51
89,1999014357,51
90,1184213879,51
91,798147763,51
92,857156408,51
93,1355486214,51
94,1696207218,51
95,1569701064,51
96,36819568,51
97,348234194,51
98,353978924,51
99,674587354,51
100,1919787364,51
1,985573732,52
2,1691685817,52
3,81090852,52
4,2116729418,52
5,1240499646,52
6,574209369,52
7,97874147,52
8,852858439,52
9,665823239,52
10,2107773226,52
11,1541107152,52
12,2142421313,52
13,1747091916,52
14,1525632991,52
15,1804031386,52
16,1453100308,52
17,174720683,52
18,32576390,52
19,533650549,52
20,1879361262,52
21,1768588550,52
22,797756127,52
23,714886214,52
24,1122914283,52
25,1448013665,52
26,2040981775,52
27,1599535059,52
28,1997187552,52
29,967560470,52
30,520211763,52
31,1905768595,52
32,2091413495,52
33,921194799,52
34,1442926676,52
35,1640193979,52
36,1849095118,52
37,843973778,52
38,666888486,52
39,721904695,52
40,1354762671,52
41,1732807206,52
42,1260634300,52
43,1962708598,52
44,1254625498,52
45,1409555003,52
46,479227915,52
47,1009241288,52
48,529096456,52
49,1779861105,52
50,1249200551,52
51,127234683,52
52,364701787,52
53,1613035173,52
54,1388322604,52
55,1963039491,52
56,236205647,52
57,1756348754,52
58,1013321772,52
59,2056919289,52
60,612535112,52
61,763629861,52
62,1448655730,52
63,1361735315,52
64,959938422,52
65,1633583677,52
66,815716761,52
67,785129613,52
68,404635230,52
69,386434119,52
70,248990751,52
71,1170144961,52
72,1677579994,52
73,1464935912,52
74,1970954130,52
75,600157154,52
76,1020490799,52
77,1708769919,52
78,420749127,52
79,1978158133,52
80,1541199968,52
81,1807816860,52
82,590060647,52
83,1332609002,52
84,1254548881,52
85,1205632981,52
86,2059119192,52
87,1216625047,52
88,1575439851,52
89,880450898,52
90,1517642239,52
91,532071596,52
92,1787698094,52
93,274866876,52
94,449458103,52
95,1089643815,52
96,1944771433,52
97,165608614,52
98,924039583,52
99,698582352,52
100,1162913243,52
1,558052941,53
2,1828859452,53
3,1956007044,53
4,1764987100,53
5,1333021551,53
6,1938527044,53
7,1453723631,53
8,1962101726,53
9,548456081,53
10,1620933909,53
11,1238522818,53
12,1084573108,53
13,960323228,53
14,284054064,53
15,76822702,53
16,1627560643,53
17,812486619,53
18,950545312,53
19,613793938,53
20,190638344,53
21,705745896,53
22,1195797117,53
23,642793637,53
24,1958832912,53
25,1619447555,53
26,1652246376,53
27,1819119533,53
28,633738980,53
29,207152219,53
30,1490310743,53
31,1992294902,53
32,906304909,53
33,1785576767,53
34,328533217,53
35,1539765482,53
36,1797928537,53
37,2068865285,53
38,1400016774,53
39,1244789931,53
40,62060900,53
41,2072660694,53
42,1768275437,53
43,884300196,53
44,805755050,53
45,1481325800,53
46,862155702,53
47,141520278,53
48,894066809,53
49,1598330469,53
50,2022943838,53
51,1680849621,53
52,1773330457,53
53,878974582,53
54,1507781291,53
55,911296407,53
56,1428593474,53
57,853907841,53
58,1797149749,53
59,2032697557,53
60,756594657,53
61,1325149667,53
62,1526028417,53
63,1197922360,53
64,2051511489,53
65,1848323192,53
66,2004955014,53
67,800691432,53
68,1783903671,53
69,1997032382,53
70,1251904341,53
71,1767052706,53
72,727324427,53
73,1577020139,53
74,1518596212,53
75,1578821965,53
76,1036220467,53
77,714008994,53
78,1968472735,53
79,242700395,53
80,1342226591,53
81,499252780,53
82,238240945,53
83,1502544514,53
84,1440734247,53
85,414089946,53
86,1514087401,53
87,671690756,53
88,1772410955,53
89,797474463,53
90,1683986917,53
91,1469891345,53
92,833650354,53
93,835929824,53
94,136569309,53
95,1692028157,53
96,752848244,53
97,470312196,53
98,640052036,53
99,647214420,53
100,1172266728,53
1,578396578,54
2,1932038230,54
3,1701589658,54
4,1163712551,54
5,1471825020,54
6,1393094148,54
7,1254485847,54
8,1713176197,54
9,293637373,54
10,1650062020,54
11,1781164380,54
12,235794175,54
13,261427282,54
14,646400790,54
15,75496501,54
16,482221388,54
17,1076236904,54
18,1848220256,54
19,1191200151,54
20,1386613718,54
21,649773699,54
22,832851845,54
23,1225174192,54
24,1652626368,54
25,85274663,54
26,1432733295,54
27,1116269652,54
28,1292464528,54
29,1166147820,54
30,2112227035,54
31,1344475918,54
32,60003753,54
33,1220962005,54
34,26551329,54
35,92774203,54
36,318927763,54
37,1573992293,54
38,1076618256,54
39,765852046,54
40,1850335965,54
41,2074722582,54
42,623174037,54
43,1191960643,54
44,482574977,54
45,1494482454,54
46,1169006957,54
47,301695577,54
48,647852389,54
49,835570608,54
50,1379340063,54
51,857681746,54
52,2046409283,54
53,543310572,54
54,243734102,54
55,1861519958,54
56,300096475,54
57,839900322,54
58,1386709763,54
59,294094711,54
60,1355459469,54
61,1090125418,54
62,1612532243,54
63,1168818307,54
64,474775515,54
65,1542621478,54
66,1415501529,54
67,639774951,54
68,669151027,54
69,434539565,54
70,117433957,54
71,1248585828,54
72,77836541,54
73,1210243268,54
74,389393137,54
75,1942644689,54
76,1253410566,54
77,1731893527,54
78,1876607972,54
79,1513460978,54
80,1135767787,54
81,497164829,54
82,1960810947,54
83,2081622221,54
84,1017403585,54
85,858983543,54
86,126443341,54
87,342713429,54
88,1083732044,54
89,1936328366,54
90,1562808307,54
91,1041180318,54
92,1787546391,54
93,2040327755,54
94,1071066602,54
95,687536638,54
96,958531075,54
97,1536594716,54
98,984219929,54
99,1180070986,54
100,1967116712,54
1,1302992038,55
2,2102179295,55
3,1103833187,55
4,1295701646,55
5,1919757145,55
6,1730382878,55
7,918641702,55
8,1866735907,55
9,78987458,55
10,540255822,55
11,1112165300,55
12,984395783,55
13,633205420,55
14,268155547,55
15,479455328,55
16,185416305,55
17,1601876975,55
18,15725506,55
19,517241906,55
20,1268344841,55
21,538560402,55
22,584635618,55
23,533313499,55
24,1516971410,55
25,720069409,55
26,1427014477,55
27,1275288110,55
28,252679370,55
29,631299197,55
30,132438244,55
31,2046654529,55
32,413526077,55
33,619339190,55
34,1869835168,55
35,2036608698,55
36,181759583,55
37,80423851,55
38,1778301869,55
39,904698564,55
40,702050609,55
41,1057519694,55
42,952036836,55
43,5801927,55
44,100582272,55
45,2120595355,55
46,114398627,55
47,1722495356,55
48,1969725291,55
49,953822746,55
50,1054847797,55
51,431288203,55
52,700113283,55
53,1239378803,55
54,682378639,55
55,1506520265,55
56,1299041064,55
57,1990235865,55
58,1769279207,55
59,1441060158,55
60,1153942942,55
61,1580305712,55
62,1229351245,55
63,2101684240,55
64,2061728584,55
65,1655599289,55
66,1119262443,55
67,1297130546,55
68,1226996682,55
69,1310331034,55
70,2110000291,55
71,268716119,55
72,543613156,55
73,727271907,55
74,617339399,55
75,725706875,55
76,655285280,55
77,722999080,55
78,1621934145,55
79,607445210,55
80,240077165,55
81,1450299632,55
82,1168668358,55
83,1261037563,55
84,1084320264,55
85,872200157,55
86,1314707553,55
87,1350585494,55
88,166267368,55
89,565019432,55
90,1131132088,55
91,1445598668,55
92,200687344,55
93,1514779958,55
94,87889227,55
95,791295442,55
96,236882708,55
97,438850908,55
98,1082718072,55
99,1796034788,55
100,704878352,55
1,1818593851,56
2,842633846,56
3,604126789,56
4,926515013,56
5,625067036,56
6,1056820325,56
7,421679460,56
8,475716255,56
9,1061572043,56
10,65880402,56
11,2068038415,56
12,559140411,56
13,1405249950,56
14,1311541864,56
15,1858399820,56
16,2042337687,56
17,2049966813,56
18,2069757233,56
19,1141537679,56
20,1188699849,56
21,1159962260,56
22,1695089150,56
23,1189012694,56
24,1389225059,56
25,1648634595,56
26,1960005586,56
27,767176425,56
28,117992544,56
29,141575137,56
30,314073821,56
31,2077825152,56
32,1563561489,56
33,677875469,56
34,1921688310,56
35,1768891152,56
36,1039013816,56
37,1914937865,56
38,1154004600,56
39,589347519,56
40,810248718,56
41,1245264778,56
42,244722306,56
43,1607266026,56
44,1307778564,56
45,1634890614,56
46,856555326,56
47,1638924434,56
48,1474375010,56
49,86858256,56
50,1099862665,56
51,525499067,56
52,1911911960,56
53,1890096982,56
54,1863486152,56
55,270029013,56
56,1106178976,56
57,467185728,56
58,1644982081,56
59,1041562890,56
60,751430245,56
61,1654151674,56
62,175590818,56
63,2001109296,56
64,75997298,56
65,1744250127,56
66,1331924670,56
67,1514906772,56
68,1895425564,56
69,1229733679,56
70,453148210,56
71,1028755874,56
72,1013962182,56
73,1964462033,56
74,1047340111,56
75,1527720712,56
76,1259187328,56
77,1724330928,56
78,2004506388,56
79,1364152484,56
80,570818334,56
81,2146197207,56
82,203167467,56
83,817784031,56
84,295050502,56
85,928286391,56
86,1349522730,56
87,306287206,56
88,1474775339,56
89,2092615842,56
90,1549371572,56
91,1424554044,56
92,127723179,56
93,1185844047,56
94,1552888167,56
95,1213716046,56
96,1267636144,56
97,1584050571,56
98,1043290514,56
99,1871470340,56
100,1702864400,56
1,1796811164,57
2,933379003,57
3,2037439185,57
4,466916390,57
5,533333191,57
6,1887150892,57
7,933432156,57
8,1734885274,57
9,1916431709,57
10,94776635,57
11,815432385,57
12,1530305370,57
13,1616027122,57
14,1025087933,57
15,1330773297,57
16,55652053,57
17,2075129330,57
18,575460622,57
19,202146567,57
20,39551409,57
21,1237376988,57
22,1503849988,57
23,157522730,57
24,1518519616,57
25,52033828,57
26,864598357,57
27,2113132298,57
28,1144262495,57
29,1326213583,57
30,31527003,57
31,892486091,57
32,664245288,57
33,381761749,57
34,1582056023,57
35,441801550,57
36,1593295982,57
37,2026063777,57
38,1404782964,57
39,1766067766,57
40,939399217,57
41,714583730,57
42,2081653712,57
43,1324588565,57
44,863200341,57
45,1562048604,57
46,882364843,57
47,2138137458,57
48,2112052466,57
49,791033181,57
50,1325956184,57
51,1884284077,57
52,1621986750,57
53,1352683812,57
54,1145212140,57
55,780120317,57
56,1292397609,57
57,938633445,57
58,333204389,57
59,1951892522,57
60,717319031,57
61,372868762,57
62,2078334252,57
63,247437063,57
64,778224145,57
65,1490018857,57
66,101903882,57
67,697662411,57
68,615616934,57
69,532870244,57
70,141795974,57
71,1076152247,57
72,182955052,57
73,2066950848,57
74,1978914688,57
75,803922842,57
76,1993501151,57
77,1785171584,57
78,1945973933,57
79,146371601,57
80,1207428922,57
81,17231462,57
82,1195897557,57
83,193129498,57
84,1678141337,57
85,1507428988,57
86,2088117187,57
87,1515051469,57
88,1802275041,57
89,1859233104,57
90,1147010013,57
91,1391397813,57
92,1279511893,57
93,1450035143,57
94,1514318332,57
95,967789977,57
96,698424084,57
97,1544491114,57
98,235626465,57
99,1743192342,57
100,610433840,57
1,317877185,58
2,1256050667,58
3,587482048,58
4,2142772702,58
5,1954586098,58
6,1477843843,58
7,72276150,58
8,1231871769,58
9,1014543683,58
10,1801536458,58
11,378158517,58
12,1394533754,58
13,1460976561,58
14,571114743,58
15,119587491,58
16,1209228071,58
17,194844999,58
18,1491956241,58
19,367141360,58
20,1611367741,58
21,1513376633,58
22,480154452,58
23,974971854,58
24,1860513745,58
25,1827301888,58
26,615651330,58
27,1674822970,58
28,1160724385,58
29,544914154,58
30,1997392121,58
31,28837360,58
32,2071906794,58
33,71684542,58
34,490640084,58
35,795288475,58
36,851332964,58
37,982311899,58
38,2077345734,58
39,900238645,58
40,1945845913,58
41,757868479,58
42,1079127904,58
43,904207664,58
44,1830142509,58
45,415932937,58
46,160134732,58
47,986591870,58
48,1758644702,58
49,1712784497,58
50,483568398,58
51,711771141,58
52,2103127907,58
53,1355610015,58
54,711894536,58
55,1421493357,58
56,822679690,58
57,85618495,58
58,170132667,58
59,620446306,58
60,2111047186,58
61,654607157,58
62,1415256162,58
63,1478465614,58
64,912349936,58
65,1907897940,58
66,2021565489,58
67,1257068661,58
68,1865238049,58
69,80803521,58
70,1018649879,58
71,1721920822,58
72,355949432,58
73,1078563262,58
74,2080722333,58
75,1242592711,58
76,1183991663,58
77,1078174825,58
78,1948793144,58
79,333733286,58
80,997814713,58
81,1198095526,58
82,1164925447,58
83,1126510024,58
84,1789348505,58
85,427219088,58
86,455728461,58
87,2001819250,58
88,1983552204,58
89,1070592943,58
90,1996183212,58
91,2080920852,58
92,1478500789,58
93,863837356,58
94,1502873617,58
95,1824000581,58
96,2127723671,58
97,1308887584,58
98,275730994,58
99,1587297584,58
100,1429397107,58
1,36899601,59
2,2041431447,59
3,1596479723,59
4,1321696417,59
5,1604057300,59
6,115031952,59
7,1611246788,59
8,1432742459,59
9,2086245674,59
10,270060469,59
11,827432034,59
12,286793564,59
13,1745036884,59
14,1167897331,59
15,509046687,59
16,627625818,59
17,697445669,59
18,1650757523,59
19,226648920,59
20,53742994,59
21,493862400,59
22,1115147801,59
23,1629563697,59
24,589299168,59
25,1856012322,59
26,1036119087,59
27,2101237649,59
28,506524982,59
29,1251090112,59
30,1048271572,59
31,1051013671,59
32,1590526070,59
33,1362646162,59
34,317023829,59
35,846753773,59
36,1148645862,59
37,1784949616,59
38,1621617611,59
39,108172276,59
40,997779305,59
41,1683946883,59
42,1918796227,59
43,442177472,59
44,1859104187,59
45,576909315,59
46,321406917,59
47,115381654,59
48,1884693023,59
49,506569625,59
50,5815309,59
51,482989068,59
52,2147252970,59
53,1626250679,59
54,2004852387,59
55,1653925702,59
56,2105686155,59
57,469551463,59
58,362539445,59
59,793364845,59
60,2008624041,59
61,1547628067,59
62,1054523995,59
63,1518335598,59
64,22331701,59
65,93475335,59
66,649482395,59
67,1394338352,59
68,1965267354,59
69,1038135541,59
70,982583559,59
71,1286563373,59
72,608835167,59
73,745232894,59
74,1809044656,59
75,84196634,59
76,465882019,59
77,1261591773,59
78,1174335333,59
79,1650406512,59
80,1472017056,59
81,1060557591,59
82,41555789,59
83,221648448,59
84,847547890,59
85,124022125,59
86,653901580,59
87,951255576,59
88,848952678,59
89,1626856046,59
90,880407245,59
91,1661328550,59
92,616657192,59
93,1141974626,59
94,36293105,59
95,834201100,59
96,1049096993,59
97,1938586234,59
98,1793297318,59
99,1799062603,59
100,1596674157,59
1,1125147750,60
2,1965033523,60
3,1808915505,60
4,2101319236,60
5,1126947078,60
6,273832527,60
7,1446636322,60
8,795543763,60
9,1555734965,60
10,1326106600,60
11,220973845,60
12,1454036293,60
13,1139118871,60
14,1394377636,60
15,1789516247,60
16,91543332,60
17,2115116629,60
18,1424546396,60
19,679516718,60
20,506773107,60
21,1959955224,60
22,1592999248,60
23,455204665,60
24,1938892420,60
25,254887342,60
26,1043400635,60
27,961661858,60
28,703047084,60
29,761366485,60
30,773033254,60
31,301865082,60
32,1309472718,60
33,1747461102,60
34,1507395890,60
35,1815183959,60
36,2038434355,60
37,659884741,60
38,1065259718,60
39,571964771,60
40,2046018099,60
41,1810291533,60
42,94959454,60
43,441841052,60
44,250126738,60
45,1236467222,60
46,9595082,60
47,1158772810,60
48,440372774,60
49,596363734,60
50,1717291116,60
51,2660692,60
52,1327449906,60
53,537883887,60
54,1447383245,60
55,2059288876,60
56,1296088027,60
57,910226986,60
58,1883537763,60
59,1924176051,60
60,1956879375,60
61,676816650,60
62,605101432,60
63,893880305,60
64,2141180023,60
65,2024791449,60
66,1978503133,60
67,2105413145,60
68,2112854681,60
69,1426132220,60
70,862516969,60
71,1850012455,60
72,2093446572,60
73,1755917310,60
74,114159783,60
75,329382499,60
76,929652826,60
77,492102037,60
78,731798126,60
79,743909795,60
80,350546406,60
81,1602702469,60
82,1857845355,60
83,1642098113,60
84,1295115284,60
85,1682039386,60
86,1071802214,60
87,1633061835,60
88,701190793,60
89,2020653880,60
90,2050043654,60
91,172462048,60
92,1536616160,60
93,1222870820,60
94,295429707,60
95,2009402818,60
96,1906541523,60
97,717490969,60
98,368220639,60
99,568452567,60
100,1522636231,60
1,62938348,61
2,1283291235,61
3,34861862,61
4,439098907,61
5,1311330616,61
6,147949459,61
7,699929128,61
8,876376557,61
9,1542115910,61
10,810812200,61
11,1769993705,61
12,867568496,61
13,682236158,61
14,2022073909,61
15,83983051,61
16,1758610103,61
17,1256547192,61
18,1471738468,61
19,1611805619,61
20,38594892,61
21,1168159436,61
22,1993557552,61
23,1170218249,61
24,2046954136,61
25,444860459,61
26,43989241,61
27,2145163817,61
28,899911379,61
29,1900337973,61
30,184920716,61
31,639788295,61
32,1098219672,61
33,1277817558,61
34,389610530,61
35,1484616812,61
36,165745540,61
37,943937785,61
38,316747354,61
39,1069918366,61
40,1793888780,61
41,398854262,61
42,2108443599,61
43,231629803,61
44,206045418,61
45,306221626,61
46,1124576191,61
47,679926880,61
48,374518671,61
49,1792029808,61
50,1012870525,61
51,1746977766,61
52,2044127376,61
53,881162462,61
54,768789241,61
55,550629223,61
56,258231171,61
57,125414040,61
58,413789288,61
59,1956226857,61
60,632499900,61
61,222770054,61
62,1383940619,61
63,1146996350,61
64,1384459497,61
65,2102898191,61
66,1338301375,61
67,1644924524,61
68,1363296026,61
69,440082266,61
70,1172901664,61
71,1623706959,61
72,1849924805,61
73,488571403,61
74,279474326,61
75,2130209309,61
76,964896331,61
77,384476387,61
78,1576116462,61
79,43573081,61
80,1718356252,61
81,1981717979,61
82,607763762,61
83,203195622,61
84,2033469981,61
85,962226085,61
86,1054439377,61
87,881710117,61
88,500132434,61
89,1018842962,61
90,347880158,61
91,715426655,61
92,353546905,61
93,51495761,61
94,693692034,61
95,1023615884,61
96,873701447,61
97,528476894,61
98,603156791,61
99,631472288,61
100,2046994463,61
1,318434731,62
2,1515705153,62
3,428491980,62
4,342290066,62
5,637238117,62
6,1960007866,62
7,1394202472,62
8,263002465,62
9,1802358607,62
10,826534602,62
11,966037467,62
12,1364454593,62
13,1416620823,62
14,62304274,62
15,847001340,62
16,1608803730,62
17,1019493673,62
18,1637240375,62
19,2022874651,62
20,2051243607,62
21,360947381,62
22,1804174198,62
23,1914409711,62
24,1933505415,62
25,1084775536,62
26,1231167254,62
27,1971173041,62
28,1949436742,62
29,596141111,62
30,819160942,62
31,409318503,62
32,1698607898,62
33,1617702999,62
34,1933183346,62
35,1460580192,62
36,788127382,62
37,210218872,62
38,1766942918,62
39,2030453438,62
40,1007329414,62
41,1063709630,62
42,442263635,62
43,548570262,62
44,1812814171,62
45,1870116759,62
46,1448655368,62
47,1532638792,62
48,712279399,62
49,600599256,62
50,752727998,62
51,1546138948,62
52,1713532557,62
53,746762556,62
54,2065276906,62
55,742008382,62
56,658758507,62
57,93592525,62
58,399821911,62
59,1773128900,62
60,2061748431,62
61,1596941071,62
62,824215084,62
63,1222184047,62
64,657658485,62
65,1418358472,62
66,1446567088,62
67,122970475,62
68,866138930,62
69,1110790025,62
70,428366665,62
71,2056171149,62
72,1071439187,62
73,219309048,62
74,1651385303,62
75,1527580496,62
76,643762188,62
77,2145016959,62
78,782588971,62
79,1698710943,62
80,1948914717,62
81,491504335,62
82,1936891,62
83,1622279437,62
84,626226245,62
85,1106874700,62
86,1020515090,62
87,504172869,62
88,1282649726,62
89,672971324,62
90,1609205320,62
91,823846513,62
92,565687664,62
93,350291821,62
94,1136461179,62
95,914326421,62
96,1087885366,62
97,1860510456,62
98,29203813,62
99,1681157946,62
100,1003683244,62
1,1956025593,63
2,2023740571,63
3,2019187063,63
4,698036407,63
5,565425183,63
6,24007869,63
7,1966525131,63
8,822989793,63
9,1121757003,63
10,1177638398,63
11,2024457820,63
12,1528019353,63
13,718154151,63
14,592575616,63
15,1462453889,63
16,148327670,63
17,1581483793,63
18,1109727683,63
19,1417362793,63
20,489811795,63
21,1522253362,63
22,93269408,63
23,84003681,63
24,293084750,63
25,275080235,63
26,295814991,63
27,1736036376,63
28,445904583,63
29,2063552899,63
30,982863896,63
31,671920949,63
32,1422550831,63
33,1308675284,63
34,487851985,63
35,146576676,63
36,1042244740,63
37,422663694,63
38,617212216,63
39,983395728,63
40,1542963874,63
41,136070163,63
42,712534090,63
43,808696742,63
44,1540556924,63
45,1818978816,63
46,1841630719,63
47,1201115979,63
48,1835727568,63
49,1306642412,63
50,2062925607,63
51,275122856,63
52,1343154070,63
53,530449643,63
54,709424494,63
55,1224493916,63
56,112879813,63
57,859685847,63
58,796029583,63
59,91115109,63
60,1840669866,63
61,922842540,63
62,748013961,63
63,81509128,63
64,2058213259,63
65,867409103,63
66,1425361867,63
67,1635413480,63
68,1097054410,63
69,580761324,63
70,710839285,63
71,557512969,63
72,1602164946,63
73,1798354536,63
74,787076286,63
75,1873208562,63
76,538919316,63
77,93590965,63
78,1082713720,63
79,1573676628,63
80,618125,63
81,1128523836,63
82,931981007,63
83,1377209396,63
84,470536867,63
85,335600546,63
86,967656222,63
87,1834631264,63
88,1061354435,63
89,1683408345,63
90,2058767183,63
91,1120027766,63
92,525665369,63
93,1404310473,63
94,808284303,63
95,356834762,63
96,1026513240,63
97,1750019650,63
98,1812853977,63
99,984893962,63
100,711054231,63
1,1641822893,64
2,218651282,64
3,2018235679,64
4,1635358477,64
5,417102979,64
6,822359283,64
7,2004981716,64
8,1477924293,64
9,679311948,64
10,1716916295,64
11,2009379734,64
12,1024699731,64
13,5950833,64
14,936643214,64
15,682533454,64
16,1587977512,64
17,1419370943,64
18,400528105,64
19,399582578,64
20,1261348716,64
21,2090585714,64
22,1113516419,64
23,1184249164,64
24,932757038,64
25,1747070162,64
26,1633934486,64
27,1461447592,64
28,236481100,64
29,1132471732,64
30,160037561,64
31,1122941765,64
32,872367146,64
33,1415750868,64
34,465537748,64
35,600035540,64
36,1525688343,64
37,166734246,64
38,570563475,64
39,616487505,64
40,619127359,64
41,1586815745,64
42,580565027,64
43,600331659,64
44,673822994,64
45,1933219140,64
46,1266731966,64
47,1992559471,64
48,68834749,64
49,934152079,64
50,426410256,64
51,78225060,64
52,2106888864,64
53,818905839,64
54,26279048,64
55,842487295,64
56,1189041996,64
57,2143282182,64
58,1417695426,64
59,651673051,64
60,454889840,64
61,949236369,64
62,520185076,64
63,410509333,64
64,299565919,64
65,489904183,64
66,1233214350,64
67,1556821308,64
68,1177807398,64
69,164006469,64
70,1827692486,64
71,216335207,64
72,2014087670,64
73,2017925629,64
74,2071002752,64
75,1314255638,64
76,1002526076,64
77,1639583447,64
78,2049396475,64
79,1085457715,64
80,1507674192,64
81,1377072745,64
82,766428744,64
83,1023825393,64
84,1031046397,64
85,1778673187,64
86,1391530954,64
87,368584776,64
88,730322164,64
89,300359349,64
90,486402270,64
91,1424586748,64
92,1731949635,64
93,98564179,64
94,1342234244,64
95,104449813,64
96,1147128068,64
97,1366533645,64
98,503585371,64
99,1575029215,64
100,1735721682,64
1,534894332,65
2,1967381620,65
3,546933055,65
4,926697655,65
5,1680103971,65
6,1565047980,65
7,946192103,65
8,967634673,65
9,989625852,65
10,1423065054,65
11,1771077386,65
12,170180845,65
13,335161218,65
14,1063032539,65
15,726263297,65
16,154085776,65
17,1327168783,65
18,1801180436,65
19,1725932344,65
20,1695715347,65
21,389821798,65
22,1665858801,65
23,1018063542,65
24,586049369,65
25,408622771,65
26,645723933,65
27,1262808501,65
28,1707228352,65
29,1962896060,65
30,1237643923,65
31,1034040383,65
32,271394541,65
33,1292762933,65
34,1220869498,65
35,1001978844,65
36,1080278729,65
37,233505971,65
38,1029063003,65
39,476927311,65
40,810878243,65
41,947316402,65
42,1144023648,65
43,1925119198,65
44,1576466845,65
45,261593352,65
46,1839372766,65
47,2055728087,65
48,16570221,65
49,1128698333,65
50,1948246053,65
51,241919517,65
52,1819212758,65
53,979490045,65
54,585746558,65
55,2063320677,65
56,179993213,65
57,46422049,65
58,673780880,65
59,1441687068,65
60,1152056805,65
61,163982694,65
62,303934291,65
63,1927189534,65
64,2040015854,65
65,611203330,65
66,1865089092,65
67,734003010,65
68,801386363,65
69,855345962,65
70,960858828,65
71,306454319,65
72,2127557926,65
73,332725498,65
74,13217486,65
75,2043310609,65
76,108700149,65
77,1536507644,65
78,1339879333,65
79,625005423,65
80,1100573345,65
81,929354413,65
82,1468680982,65
83,378871916,65
84,883882180,65
85,449173515,65
86,453880430,65
87,725574018,65
88,958937120,65
89,1896298549,65
90,486249860,65
91,1520851383,65
92,1698504442,65
93,485484823,65
94,1674828008,65
95,600620336,65
96,1135520416,65
97,490464439,65
98,1677253964,65
99,586402660,65
100,1342967524,65
1,714443921,66
2,1115518251,66
3,1573096953,66
4,1120644634,66
5,344298971,66
6,918485185,66
7,1825231548,66
8,2038745419,66
9,240865314,66
10,739941244,66
11,1230323595,66
12,1543231115,66
13,1324153559,66
14,650180460,66
15,1123482814,66
16,810671136,66
17,782349458,66
18,1092123828,66
19,1229173455,66
20,903367633,66
21,2123457184,66
22,1077509418,66
23,850463157,66
24,1451533529,66
25,358017664,66
26,1399810853,66
27,2047304319,66
28,1410699679,66
29,59477926,66
30,1115582069,66
31,1357843797,66
32,1930685089,66
33,143252831,66
34,1471643873,66
35,699087546,66
36,1892703215,66
37,1219365090,66
38,1706597036,66
39,1513496578,66
40,95722554,66
41,49431449,66
42,2066285262,66
43,1745917437,66
44,1106604517,66
45,67573260,66
46,155716493,66
47,1080797252,66
48,1893464844,66
49,587824423,66
50,53142784,66
51,182754487,66
52,1039742012,66
53,188529044,66
54,149076053,66
55,600491522,66
56,892174129,66
57,820978770,66
58,1483007355,66
59,1511027563,66
60,1503570768,66
61,1139186037,66
62,26125744,66
63,1490314212,66
64,756971336,66
65,622440260,66
66,272023067,66
67,409457872,66
68,285407347,66
69,553923182,66
70,1768333531,66
71,292706235,66
72,1674747161,66
73,597269475,66
74,985890581,66
75,242679591,66
76,83462990,66
77,1527925685,66
78,1386961424,66
79,1723843560,66
80,80504732,66
81,855325963,66
82,573738681,66
83,2042879353,66
84,1458562963,66
85,867561623,66
86,1803616782,66
87,915264685,66
88,1253935621,66
89,1788095377,66
90,651937868,66
91,2049136598,66
92,872851956,66
93,1402689546,66
94,257193609,66
95,992764232,66
96,1792721469,66
97,1279785128,66
98,1977528325,66
99,1001077494,66
100,1520830350,66
1,818747098,67
2,510868351,67
3,2069059977,67
4,1740301261,67
5,1365280188,67
6,754958590,67
7,1393192294,67
8,284805710,67
9,420274176,67
10,1082089917,67
11,286230228,67
12,205908919,67
13,356781287,67
14,1288307129,67
15,1347119463,67
16,234975121,67
17,1255325373,67
18,1881234246,67
19,73969552,67
20,600061575,67
21,2010005991,67
22,1699413382,67
23,262235713,67
24,1789319713,67
25,2002234063,67
26,692502239,67
27,490550241,67
28,262506595,67
29,602095212,67
30,1765866954,67
31,378529054,67
32,1113709837,67
33,1348503828,67
34,847284572,67
35,723868074,67
36,718458335,67
37,1218662193,67
38,1820716147,67
39,764344925,67
40,1217215460,67
41,1493404228,67
42,1381111472,67
43,538622496,67
44,577025249,67
45,1230671484,67
46,1839250838,67
47,1943759624,67
48,1061245002,67
49,1888505952,67
50,1249173367,67
51,64642713,67
52,1141417063,67
53,2060392655,67
54,1769494098,67
55,975071573,67
56,1699004298,67
57,1820534505,67
58,2118423379,67
59,592077150,67
60,248099813,67
61,660925429,67
62,936039199,67
63,1914188151,67
64,1840788750,67
65,1071207828,67
66,554103927,67
67,1731510331,67
68,667480608,67
69,1062029152,67
70,884608908,67
71,823708736,67
72,1362609152,67
73,1729451041,67
74,1760256382,67
75,1291972123,67
76,708209374,67
77,1890296635,67
78,1011791370,67
79,896373948,67
80,1226805768,67
81,2150219,67
82,582195639,67
83,1429510632,67
84,2136573245,67
85,1024014318,67
86,652109262,67
87,1393195534,67
88,1284511820,67
89,421630195,67
90,914205526,67
91,1108501051,67
92,1592130678,67
93,1714510274,67
94,30418359,67
95,677553413,67
96,2028039713,67
97,1839243353,67
98,848149414,67
99,595405619,67
100,285436831,67
1,1855818491,68
2,108175009,68
3,1062142771,68
4,713735155,68
5,1793365579,68
6,1384053241,68
7,1700174675,68
8,971687001,68
9,1162161197,68
10,1251662420,68
11,1950528486,68
12,972416161,68
13,396330867,68
14,2146927657,68
15,964928428,68
16,1694545667,68
17,1238403189,68
18,99933111,68
19,2009286919,68
20,933087864,68
21,482308028,68
22,556071197,68
23,1366192498,68
24,1454260131,68
25,940288665,68
26,1938213871,68
27,67504432,68
28,1920525972,68
29,345154864,68
30,828527682,68
31,505923768,68
32,1107532181,68
33,906384397,68
34,1469418137,68
35,1977798299,68
36,1868996658,68
37,1503286783,68
38,2015811291,68
39,1772848341,68
40,530212258,68
41,616380155,68
42,702799853,68
43,41403125,68
44,1825167482,68
45,516773865,68
46,59081136,68
47,1499359673,68
48,2139860392,68
49,1182286154,68
50,1081847620,68
51,1678276476,68
52,482705765,68
53,362680619,68
54,1465388138,68
55,430536905,68
56,567028057,68
57,833623094,68
58,368587756,68
59,1365349543,68
60,859789129,68
61,1605126463,68
62,1895704747,68
63,345045069,68
64,423602184,68
65,545366906,68
66,517676536,68
67,1114536053,68
68,1974179872,68
69,1054275681,68
70,115231213,68
71,1852831973,68
72,1734024323,68
73,794735771,68
74,77924245,68
75,79224461,68
76,1606419931,68
77,1917049801,68
78,612446386,68
79,1924625746,68
80,881292199,68
81,1687802178,68
82,1370085038,68
83,777112365,68
84,69392209,68
85,1380486360,68
86,1092768726,68
87,1802944067,68
88,1271687433,68
89,1131046654,68
90,1727721780,68
91,437182670,68
92,769609842,68
93,737336544,68
94,1525509015,68
95,1225137010,68
96,966955219,68
97,174699572,68
98,2134891117,68
99,1292210670,68
100,1541088385,68
1,1521556496,69
2,1573190765,69
3,1900083985,69
4,159094703,69
5,984168120,69
6,1588675050,69
7,642223864,69
8,573919503,69
9,1880428313,69
10,1136890658,69
11,1939529904,69
12,1030952865,69
13,1347184423,69
14,828075875,69
15,2076650586,69
16,2131335713,69
17,1930662181,69
18,1606238085,69
19,187423518,69
20,181114958,69
21,2067927780,69
22,45485850,69
23,1205972337,69
24,1816745914,69
25,85611453,69
26,497430535,69
27,2000292416,69
28,303579564,69
29,629604565,69
30,1952327533,69
31,1885976516,69
32,1643608584,69
33,237224164,69
34,1871998777,69
35,1728445378,69
36,1508085875,69
37,648533136,69
38,1666649639,69
39,1618083459,69
40,1330964338,69
41,339497155,69
42,1535333996,69
43,978445445,69
44,1677728448,69
45,1628729735,69
46,1786709321,69
47,174793997,69
48,1768019626,69
49,1390078810,69
50,1517490910,69
51,724590570,69
52,1972807112,69
53,1329011209,69
54,62198665,69
55,1347518831,69
56,63947328,69
57,1787818130,69
58,1447346283,69
59,1699655892,69
60,1242065517,69
61,1105540125,69
62,1582872914,69
63,675235511,69
64,1686150008,69
65,158821912,69
66,953278891,69
67,399992172,69
68,1727092294,69
69,599829205,69
70,878375324,69
71,1420162919,69
72,984431023,69
73,1754193983,69
74,932498633,69
75,1245380541,69
76,1363216107,69
77,1494469869,69
78,1406147926,69
79,388764516,69
80,216634701,69
81,106096025,69
82,1651661008,69
83,1460167571,69
84,210536355,69
85,1110358281,69
86,1953904267,69
87,829454090,69
88,1540118593,69
89,440078626,69
90,807223814,69
91,1639504648,69
92,1125726123,69
93,180982583,69
94,235008932,69
95,501351236,69
96,1934048034,69
97,1826681545,69
98,733028310,69
99,552850172,69
100,158435443,69
1,35982972,70
2,1038346547,70
3,1758240614,70
4,234718180,70
5,2081780345,70
6,772918062,70
7,1475176551,70
8,1667894562,70
9,1869320849,70
10,1695377593,70
11,226615216,70
12,818781837,70
13,1029838247,70
14,9095954,70
15,1199274771,70
16,639803394,70
17,224564185,70
18,2111352096,70
19,805723100,70
20,2019088473,70
21,719443059,70
22,916008294,70
23,1323719684,70
24,188215183,70
25,1301092839,70
26,1350064572,70
27,83044728,70
28,1955995253,70
29,2060681687,70
30,2102093328,70
31,447758876,70
32,2132798528,70
33,826978117,70
34,1348860210,70
35,1297949378,70
36,1331520742,70
37,853112544,70
38,621965994,70
39,1649292390,70
40,1008029203,70
41,160832439,70
42,864594250,70
43,139005928,70
44,333325133,70
45,922879965,70
46,1902428883,70
47,1309763448,70
48,1716591628,70
49,93078088,70
50,1533427843,70
51,1916480993,70
52,541316431,70
53,716262706,70
54,1451280883,70
55,221320418,70
56,1386682688,70
57,1081651647,70
58,1344730815,70
59,1364828715,70
60,381003075,70
61,436430866,70
62,384926680,70
63,557184633,70
64,336137465,70
65,2131155741,70
66,1797912576,70
67,547222300,70
68,918291063,70
69,827277625,70
70,1746265887,70
71,424660092,70
72,234908192,70
73,1296817548,70
74,1611123346,70
75,1261674785,70
76,671569321,70
77,636178075,70
78,67949302,70
79,1639497171,70
80,1526587792,70
81,1024806992,70
82,2097387715,70
83,1378376951,70
84,1542950782,70
85,1841565621,70
86,1493369762,70
87,842236168,70
88,1134948601,70
89,240392886,70
90,891924297,70
91,125949208,70
92,1040920773,70
93,643505345,70
94,1893787219,70
95,1134169395,70
96,524257727,70
97,1352165775,70
98,261547723,70
99,619584782,70
100,1197718159,70
1,972301936,71
2,173541502,71
3,595158892,71
4,2121155296,71
5,1667455364,71
6,1316021206,71
7,1070093647,71
8,1340456353,71
9,2084406756,71
10,1273428067,71
11,1323298840,71
12,496768633,71
13,1168394807,71
14,776039043,71
15,159122227,71
16,482445337,71
17,1971858435,71
18,1726373583,71
19,24966499,71
20,1920930096,71
21,2088697763,71
22,1777059686,71
23,830669090,71
24,400107014,71
25,1608135140,71
26,278738018,71
27,2113375771,71
28,453318979,71
29,504608408,71
30,1329668610,71
31,735222947,71
32,1118687830,71
33,905951307,71
34,1025050226,71
35,1859926812,71
36,1178194541,71
37,1530625327,71
38,201085077,71
39,218295448,71
40,751576012,71
41,949115041,71
42,45238025,71
43,943681943,71
44,1445341553,71
45,1335021134,71
46,125847967,71
47,1348951911,71
48,1983149719,71
49,907839556,71
50,27811585,71
51,482399198,71
52,1856032845,71
53,743003631,71
54,1356989108,71
55,1195664770,71
56,908028124,71
57,1931401358,71
58,1927532026,71
59,1393250253,71
60,1800622595,71
61,759655654,71
62,1848655800,71
63,1640479096,71
64,974111404,71
65,2026318923,71
66,1796137005,71
67,1067029736,71
68,698908864,71
69,1157673588,71
70,1918287727,71
71,1682554444,71
72,555597491,71
73,1107092115,71
74,626712075,71
75,1652227357,71
76,1815293319,71
77,1481281451,71
78,810492770,71
79,450407593,71
80,1908330312,71
81,2005308949,71
82,1820139883,71
83,1839591456,71
84,1696281390,71
85,340050475,71
86,290167676,71
87,1040037041,71
88,307688576,71
89,1070492423,71
90,1269772753,71
91,962246089,71
92,871934412,71
93,1181234998,71
94,369120796,71
95,893469459,71
96,2027860988,71
97,1199088295,71
98,674028857,71
99,5869129,71
100,944079990,71
1,1521797825,72
2,213353858,72
3,765627738,72
4,1183583363,72
5,1196662262,72
6,1632580261,72
7,160775123,72
8,696266482,72
9,761829655,72
10,899751947,72
11,2122681063,72
12,1153497661,72
13,1695752672,72
14,679958822,72
15,822294364,72
16,1743481961,72
17,1315515211,72
18,753901922,72
19,1391530395,72
20,1759672503,72
21,37021425,72
22,755187485,72
23,836815481,72
24,555605879,72
25,1406807332,72
26,1213723795,72
27,758366187,72
28,142462045,72
29,1993900266,72
30,1698874690,72
31,845384591,72
32,1717572901,72
33,1923930079,72
34,1588530911,72
35,998386316,72
36,1581005228,72
37,1994828568,72
38,1946608683,72
39,1559581354,72
40,1763415161,72
41,1124773750,72
42,1660236937,72
43,260733676,72
44,1876127708,72
45,194484384,72
46,1725795161,72
47,1004133880,72
48,1634294512,72
49,1347477280,72
50,1633277,72
51,1973223993,72
52,1380043365,72
53,2116928871,72
54,1242414559,72
55,716416816,72
56,116850486,72
57,1863740028,72
58,1771461911,72
59,1251635385,72
60,753344543,72
61,1206879791,72
62,372930587,72
63,1126824611,72
64,1309477067,72
65,1133820095,72
66,1640059198,72
67,295678858,72
68,1079954013,72
69,1018943482,72
70,1873595569,72
71,769363209,72
72,1368844848,72
73,281344126,72
74,511931933,72
75,645177150,72
76,1333914315,72
77,619493731,72
78,2134483292,72
79,589774903,72
80,484979901,72
81,1093033653,72
82,195184949,72
83,319382595,72
84,1517216811,72
85,1711689939,72
86,12517673,72
87,1933058536,72
88,615752943,72
89,95001527,72
90,1580633375,72
91,610375566,72
92,134756672,72
93,1275155700,72
94,1888172758,72
95,1112548991,72
96,1647352879,72
97,1414327858,72
98,1556610971,72
99,427947639,72
100,518164232,72
1,98939933,73
2,1421612267,73
3,483931279,73
4,235561691,73
5,1331522205,73
6,1124894301,73
7,369708060,73
8,379393885,73
9,231022678,73
10,744391837,73
11,778186967,73
12,805498373,73
13,1125456857,73
14,1141403950,73
15,385794957,73
16,596402521,73
17,1980556842,73
18,648089354,73
19,1324989457,73
20,1169529882,73
21,106101473,73
22,925648703,73
23,918547559,73
24,1428067503,73
25,1990647571,73
26,1663328359,73
27,873255501,73
28,1087851103,73
29,1294394173,73
30,752295311,73
31,1104520043,73
32,1938902865,73
33,1019307293,73
34,874901781,73
35,397196328,73
36,1351633519,73
37,127591967,73
38,1830802165,73
39,517640298,73
40,1597880616,73
41,775551890,73
42,1457289931,73
43,774908973,73
44,1988854066,73
45,1066645847,73
46,1898624492,73
47,407822934,73
48,207201268,73
49,714875420,73
50,497673305,73
51,295315409,73
52,1842544873,73
53,660551427,73
54,404777500,73
55,833446880,73
56,1298808793,73
57,588567813,73
58,1230338527,73
59,1991696922,73
60,1784899399,73
61,186691236,73
62,1864969574,73
63,1327678969,73
64,1393588708,73
65,885747985,73
66,63650308,73
67,1350835607,73
68,629538291,73
69,1685551953,73
70,305633775,73
71,2047466436,73
72,659722969,73
73,899261891,73
74,503678085,73
75,1511021983,73
76,1508422633,73
77,1256553064,73
78,1315400131,73
79,1325287064,73
80,963796180,73
81,275967129,73
82,1622502793,73
83,1780241182,73
84,528380200,73
85,435545559,73
86,86323000,73
87,1700660265,73
88,1806312432,73
89,238723146,73
90,1330410169,73
91,1815060965,73
92,2098565792,73
93,1335412506,73
94,1080517781,73
95,394386355,73
96,1712770782,73
97,1053479419,73
98,1941608364,73
99,1191590094,73
100,1548012998,73
1,403867649,74
2,1068012494,74
3,406622742,74
4,431120405,74
5,1948667683,74
6,1414819307,74
7,2028318663,74
8,1618559364,74
9,28170800,74
10,1949350630,74
11,1576283923,74
12,1216795972,74
13,1899594802,74
14,1903473233,74
15,88403074,74
16,146193142,74
17,617422587,74
18,1031493021,74
19,853108537,74
20,559016451,74
21,329396269,74
22,464080014,74
23,341203789,74
24,1068782677,74
25,579384136,74
26,1681559600,74
27,391259499,74
28,992868625,74
29,1522174378,74
30,159817547,74
31,478607120,74
32,928063346,74
33,1058025337,74
34,1054962932,74
35,520738385,74
36,483706543,74
37,1876203644,74
38,1218807211,74
39,1606617919,74
40,1445616797,74
41,819814547,74
42,148581043,74
43,915945695,74
44,2038236487,74
45,82489521,74
46,634193966,74
47,429893818,74
48,148577933,74
49,300320285,74
50,1287007335,74
51,1366389714,74
52,1111618901,74
53,1586397567,74
54,1498620600,74
55,914332909,74
56,554038971,74
57,728852790,74
58,165265300,74
59,1359943724,74
60,1843090625,74
61,1460464775,74
62,1615975920,74
63,59162425,74
64,1013008160,74
65,1646366178,74
66,956934909,74
67,500211018,74
68,754535524,74
69,1535706726,74
70,1841453018,74
71,970976474,74
72,1976742993,74
73,346466837,74
74,1341227056,74
75,1284938038,74
76,1873354225,74
77,1982819202,74
78,362446693,74
79,1680875843,74
80,984104253,74
81,1289486266,74
82,1680976832,74
83,1934350339,74
84,444996514,74
85,630889573,74
86,1987660936,74
87,1420143871,74
88,967386968,74
89,917934721,74
90,1182091807,74
91,374149493,74
92,1396349987,74
93,557640780,74
94,245591821,74
95,1887097765,74
96,815651669,74
97,516191169,74
98,619097220,74
99,1267608996,74
100,1970953969,74
1,1600054573,75
2,1292458673,75
3,970147417,75
4,28979806,75
5,432058340,75
6,191209483,75
7,629504246,75
8,1907136907,75
9,720818063,75
10,282067463,75
11,1951430867,75
12,845894573,75
13,589417678,75
14,1953156161,75
15,1966695947,75
16,1601898687,75
17,876187576,75
18,1885375334,75
19,1686626948,75
20,1835832796,75
21,812685768,75
22,1296179396,75
23,698552834,75
24,1820500584,75
25,1264222348,75
26,457538976,75
27,393632820,75
28,511474645,75
29,1053993312,75
30,618532973,75
31,1536584347,75
32,780417013,75
33,1913080525,75
34,567931850,75
35,370371880,75
36,743716927,75
37,928332685,75
38,1402313847,75
39,2117948784,75
40,1559189180,75
41,287380716,75
42,2036941534,75
43,631904276,75
44,1355295530,75
45,1250557736,75
46,1358672224,75
47,614503414,75
48,45350935,75
49,1616670323,75
50,122639001,75
51,1380570908,75
52,1550624478,75
53,1060252944,75
54,767550340,75
55,834922756,75
56,429980820,75
57,1946288873,75
58,1409088797,75
59,242758641,75
60,1946060616,75
61,479888987,75
62,1893327722,75
63,1721585830,75
64,1447168416,75
65,1901188742,75
66,987572530,75
67,619132576,75
68,1582402774,75
69,2029225568,75
70,390314690,75
71,226157897,75
72,1187080717,75
73,1699826976,75
74,1270089881,75
75,486973995,75
76,750183438,75
77,1659620635,75
78,1183538056,75
79,1983591193,75
80,894700138,75
81,2081577240,75
82,39144937,75
83,1121487127,75
84,1692957610,75
85,36429881,75
86,1171117781,75
87,182518014,75
88,396491530,75
89,1910520516,75
90,752137736,75
91,219566836,75
92,872247651,75
93,1827484655,75
94,96108411,75
95,424253401,75
96,450047031,75
97,513821802,75
98,551777715,75
99,1632332261,75
100,823656347,75
1,1851748243,76
2,1635951172,76
3,752300333,76
4,1646832882,76
5,67757352,76
6,191167528,76
7,152075706,76
8,638905887,76
9,1524187890,76
10,623099042,76
11,1461195688,76
12,802395793,76
13,268585596,76
14,749141798,76
15,1003016481,76
16,2023084286,76
17,172173145,76
18,932948261,76
19,495052527,76
20,2106689331,76
21,1562935326,76
22,434530670,76
23,1947966447,76
24,843150680,76
25,905748901,76
26,956111090,76
27,1375926510,76
28,938015280,76
29,874461779,76
30,1614247639,76
31,1208403967,76
32,448907366,76
33,549543933,76
34,703790145,76
35,1560540515,76
36,1379061799,76
37,858823958,76
38,1180908682,76
39,1061585583,76
40,1195012297,76
41,112886427,76
42,1347806369,76
43,595630953,76
44,2107226830,76
45,48614723,76
46,1960588633,76
47,512251692,76
48,712065718,76
49,676346529,76
50,189311913,76
51,1652686462,76
52,128977050,76
53,411500621,76
54,1952753349,76
55,1792197047,76
56,783599271,76
57,2142692308,76
58,650546244,76
59,1728643677,76
60,1527970659,76
61,1975841829,76
62,125845748,76
63,1624405213,76
64,1548700891,76
65,1903907460,76
66,1446738240,76
67,105863166,76
68,1598314011,76
69,624960517,76
70,2076683819,76
71,1957232340,76
72,590993436,76
73,1789469542,76
74,879536423,76
75,360830275,76
76,616279941,76
77,783206514,76
78,358547014,76
79,2087830627,76
80,1612917519,76
81,1281168435,76
82,520560582,76
83,1940600595,76
84,310626617,76
85,941788419,76
86,1260541718,76
87,1633092619,76
88,1862150277,76
89,2088163065,76
90,773806669,76
91,165181560,76
92,299002673,76
93,1212958031,76
94,885777247,76
95,108182384,76
96,1859519950,76
97,1547713401,76
98,1465766581,76
99,425758647,76
100,401679563,76
1,1105385980,77
2,1728645478,77
3,1131000899,77
4,561332133,77
5,737654872,77
6,723838392,77
7,145002583,77
8,2079050976,77
9,266881343,77
10,1562597666,77
11,1552734925,77
12,1743993625,77
13,1143042292,77
14,2138720850,77
15,574338014,77
16,2052502222,77
17,201626697,77
18,612906848,77
19,2054563986,77
20,202277077,77
21,1407973118,77
22,1699055989,77
23,684769837,77
24,1019610442,77
25,1998515181,77
26,875739634,77
27,2078083849,77
28,2009854056,77
29,547206756,77
30,88214202,77
31,382011871,77
32,1180818173,77
33,1498862121,77
34,1666495193,77
35,900529336,77
36,1822222332,77
37,1232642455,77
38,1066469670,77
39,381133347,77
40,1295183131,77
41,497755599,77
42,1823641000,77
43,1325320390,77
44,2010214636,77
45,585468723,77
46,1746256219,77
47,2095083494,77
48,1399529056,77
49,2094570322,77
50,137977669,77
51,1735707731,77
52,1518405989,77
53,100555171,77
54,1445834599,77
55,1279207548,77
56,909682038,77
57,1051371075,77
58,1333053503,77
59,884229954,77
60,1353405853,77
61,1059116668,77
62,586552970,77
63,806364941,77
64,1605426628,77
65,863070374,77
66,148861657,77
67,13062464,77
68,828685555,77
69,1045849761,77
70,923759673,77
71,301245731,77
72,1447197029,77
73,534172441,77
74,42163709,77
75,434958840,77
76,144085678,77
77,287184894,77
78,2013338482,77
79,142315010,77
80,1625411871,77
81,1561130815,77
82,1880975963,77
83,749897518,77
84,908102840,77
85,1887649778,77
86,535471996,77
87,865701440,77
88,354877708,77
89,1701134853,77
90,1000385787,77
91,1430145113,77
92,585623044,77
93,480931422,77
94,1925934022,77
95,364907291,77
96,2033050216,77
97,1704702407,77
98,1721861762,77
99,220630239,77
100,1545785143,77
1,228696524,78
2,2092435882,78
3,544953192,78
4,1172307055,78
5,854527794,78
6,2015315289,78
7,451212903,78
8,627934177,78
9,1951471984,78
10,1547422276,78
11,594828627,78
12,872714949,78
13,100063649,78
14,1176972133,78
15,582661086,78
16,1488797396,78
17,782246466,78
18,1476349469,78
19,238799330,78
20,774687292,78
21,2038771925,78
22,1988047019,78
23,1124546760,78
24,1845872297,78
25,1595604668,78
26,1978399380,78
27,281084990,78
28,607649956,78
29,251501964,78
30,1938052635,78
31,1501434881,78
32,1972426897,78
33,1441891472,78
34,2014306399,78
35,1195766610,78
36,884152487,78
37,366341581,78
38,1704173334,78
39,1063551174,78
40,1644371111,78
41,1555490697,78
42,511425307,78
43,507459319,78
44,1943192556,78
45,387713101,78
46,224560646,78
47,2034099345,78
48,2099363826,78
49,1900055092,78
50,1112892383,78
51,122806874,78
52,1869613593,78
53,1780652116,78
54,1520688708,78
55,1817337447,78
56,574165622,78
57,1192947247,78
58,384715866,78
59,1910836246,78
60,2054006060,78
61,1851612339,78
62,251747268,78
63,1797583152,78
64,168070937,78
65,673990913,78
66,1135580469,78
67,391502219,78
68,1417012775,78
69,1584832121,78
70,203363021,78
71,22395483,78
72,425699602,78
73,2051443149,78
74,1514322172,78
75,611513328,78
76,986763472,78
77,13102168,78
78,1465488052,78
79,870434071,78
80,1266086890,78
81,1657210019,78
82,288092833,78
83,55815009,78
84,2102847022,78
85,1203864748,78
86,408482396,78
87,1748434097,78
88,1557634413,78
89,1875098907,78
90,1170288618,78
91,1436601031,78
92,905691233,78
93,546862968,78
94,121380060,78
95,679507790,78
96,1445336736,78
97,1420869709,78
98,1455576774,78
99,1771283289,78
100,35619112,78
1,1543525498,79
2,185233841,79
3,691303905,79
4,2113019599,79
5,1224103721,79
6,1520390645,79
7,833483136,79
8,693041460,79
9,943172031,79
10,276713389,79
11,1431141140,79
12,741135805,79
13,92322534,79
14,1214949825,79
15,1465121553,79
16,1803111743,79
17,1067828945,79
18,604805886,79
19,1489829142,79
20,280836905,79
21,378312434,79
22,1774976601,79
23,1102301977,79
24,839608762,79
25,1271257197,79
26,181874880,79
27,128473495,79
28,27710066,79
29,1857734405,79
30,2007017522,79
31,2005201678,79
32,1031490945,79
33,1368214653,79
34,1516534858,79
35,798458056,79
36,1816993914,79
37,1517531069,79
38,358269792,79
39,234592899,79
40,398561440,79
41,122278670,79
42,574203186,79
43,914275839,79
44,315545444,79
45,1238569222,79
46,1184278595,79
47,624917962,79
48,748148616,79
49,1602927390,79
50,1446756604,79
51,638027000,79
52,300971554,79
53,354361171,79
54,1319856382,79
55,1018896230,79
56,1343767493,79
57,1731486796,79
58,124781462,79
59,1157515848,79
60,33951135,79
61,1696971461,79
62,1728650766,79
63,690565531,79
64,760302932,79
65,948156963,79
66,1436773758,79
67,369850709,79
68,576319140,79
69,213315329,79
70,65538169,79
71,2013316070,79
72,1724337756,79
73,632613994,79
74,588850018,79
75,1320240407,79
76,1817519974,79
77,467497351,79
78,1048782619,79
79,121673111,79
80,950453895,79
81,1757288259,79
82,1575725270,79
83,1023246862,79
84,1240633436,79
85,858828782,79
86,1243386225,79
87,1096577249,79
88,2074287482,79
89,1392080882,79
90,53177512,79
91,48781564,79
92,1017273125,79
93,1375792932,79
94,1147350300,79
95,1239872610,79
96,567126241,79
97,308350794,79
98,156749072,79
99,1079403058,79
100,4326816,79
1,379538780,80
2,2068167437,80
3,450198580,80
4,1244109369,80
5,1845506258,80
6,728175071,80
7,105734837,80
8,595882787,80
9,450482795,80
10,1761553069,80
11,510229260,80
12,2028145413,80
13,839739768,80
14,1842476928,80
15,976672359,80
16,660969339,80
17,1711121502,80
18,12782235,80
19,1573526885,80
20,2127012110,80
21,1230707932,80
22,837341050,80
23,1241843324,80
24,1411866122,80
25,1934594455,80
26,980425982,80
27,1041972610,80
28,1547456159,80
29,1712406823,80
30,2002934874,80
31,40972780,80
32,1615021527,80
33,886669536,80
34,1295154087,80
35,1100031537,80
36,577648235,80
37,788185495,80
38,170256680,80
39,1115705621,80
40,1797398815,80
41,1528036078,80
42,1495844329,80
43,845417093,80
44,425637685,80
45,1012127537,80
46,499431027,80
47,147929041,80
48,638852277,80
49,1437422440,80
50,70898797,80
51,1459745559,80
52,1751804029,80
53,1575361935,80
54,399606591,80
55,97640642,80
56,682166139,80
57,1897929473,80
58,1439945722,80
59,1935421954,80
60,175642410,80
61,1140255063,80
62,1379139503,80
63,1337800050,80
64,2004738364,80
65,958960110,80
66,1667684187,80
67,1515722994,80
68,1389490692,80
69,120106313,80
70,962898876,80
71,750141818,80
72,113695830,80
73,1054275780,80
74,227911470,80
75,1865539065,80
76,729548046,80
77,1133009451,80
78,1852543636,80
79,1830810642,80
80,18925184,80
81,879822480,80
82,1054400634,80
83,1340469288,80
84,1015410977,80
85,751154995,80
86,1675962607,80
87,1909577890,80
88,1737476049,80
89,98653525,80
90,195121771,80
91,608898293,80
92,1036270,80
93,2087309854,80
94,785008663,80
95,1887339172,80
96,2090826580,80
97,1182850769,80
98,717875720,80
99,1242824387,80
100,1778055889,80
